1,21882.622846658553,19740.037221724524
2,17797.83208129347,16024.845239524566
3,14372.382606249004,12748.024839891139
4,10954.299787091562,8777.750540572139
5,5770.320706134601,3446.8937071446403
6,2031.41906102439,1203.9092614883411
7,719.0445278839445,462.51217467510827
8,319.48081026567775,239.26557499164653
9,193.51258021660604,173.00041191700774
10,153.90806277533608,141.7528187234986
11,133.4935115815954,127.48296889738006
12,120.5950404251124,117.17355300770049
13,114.16038213907196,111.4693263638131
14,109.0413947621696,107.09992726988028
15,105.06548210341658,103.19996450146775
16,101.48081994304624,99.8901221535012
17,98.4131798136147,98.53041325152236
18,96.98320001867465,95.63425085525051
19,94.42143207001544,93.30910764355605
20,92.33229736583974,91.3631837676916
21,90.45126024553744,89.58975191472601
22,88.7735033996072,87.410146988338
23,86.34191876188679,85.47076944859577
24,84.71727323029836,84.03843962690277
25,84.43099896863839,83.62127886988505
26,82.94210076467583,82.34164581588126
27,81.79182027720408,81.27717226926583
28,81.80951436454205,81.19846443643794
29,80.67089948516914,80.19421155075241
30,79.75074554578322,79.50457638396301
31,79.08696349646036,78.69114968747675
32,78.31190538640556,77.9461955653712
33,77.14495521592843,76.45355264461449
34,75.93910459112473,75.52196114786517
35,75.1598144163683,76.38608248041186
36,75.86572921137257,75.45576896371745
37,75.1071123280436,74.79365984619245
38,74.50147483667254,74.28444272928587
39,74.01006106845755,73.74560485589154
40,73.48854094954285,73.23740940428672
41,72.5745782980684,72.02379080935805
42,71.62490963057317,71.30774377212859
43,71.03509151279184,72.35825658810302
44,71.89408485654496,71.54547977354638
45,71.2587621687062,71.00542922053184
46,72.69786520091668,72.06748806083462
47,71.63295931222085,71.30175720684147
48,71.02479521707846,70.7758535699834
49,70.76620323362857,69.37342771459265
50,68.52908267254499,67.96944072185005
51,67.55388117012768,67.83047615969735
52,67.36059208886513,66.9610054583941
53,66.57937207179627,66.18039346322394
54,66.53782028881433,65.91533487289826
55,65.25134980374908,64.48407021167233
56,63.570673761015364,61.789683489030025
57,60.34033845635336,58.9823310132038
58,57.76561421061551,56.70323786664679
59,56.870160256169825,55.9381906040655
60,55.14668774770977,54.46858196897752
61,53.88349627636535,53.37486721821227
62,53.29319243501896,52.828110181046355
63,52.43295963426022,52.08829339007198
64,52.077348132219186,51.761997903671826
65,51.4844690643114,51.23396138612726
66,51.00365022463697,50.78901731658971
67,50.40699200417368,49.919780483797076
68,49.5831965340662,49.32919872693904
69,49.12132136311865,49.97950994960459
70,49.64396789557091,49.39245565466036
71,49.18816404972449,49.01085633034161
72,48.600113101687825,48.25531080107712
73,48.00608907417764,47.809419210237834
74,47.641798375663726,48.58129411941093
75,48.24550285736679,48.001084542486225
76,47.806825364846915,47.64007136001959
77,47.48831714925057,47.1678453641211
78,46.86716837700498,46.641505336084165
79,46.456231268220726,46.292199929738764
80,46.014812201082584,45.835225786485594
81,45.670022251675135,45.51051272916152
82,45.351461577567065,46.17560183592168
83,45.85391474370316,45.59755647103299
84,45.371363577169234,45.154725417291374
85,44.934488650264385,44.910032632630205
86,44.61894829168119,44.31481535646914
87,43.97828815295433,43.590420809323604
88,43.07998878245117,42.517229133280324
89,41.83604333731424,41.02341789637825
90,40.0882457613399,38.48701589192058
91,37.00593003889451,35.810715532490946
92,34.81829768874593,33.96640016399733
93,33.488512286487456,32.798732711671335
94,32.171221678030335,31.595127749182552
95,31.058984672007938,30.55075665668045
96,31.68414056111336,30.843420971055114
97,30.160722652280633,29.5468606818048
98,28.947152777779515,28.13601533789838
99,27.459283821009315,26.716315442480102
100,25.914146350730896,25.07509231756965
101,24.19399246241722,22.572017163359696
102,21.149779516441082,19.955465895975145
103,18.97550921160291,18.115005126674276
104,17.444634056879455,16.917182430421803
105,16.483991047175692,16.119209101933755
106,15.805903351613999,15.529593379058035
107,15.066153719576644,14.806158344842643
108,14.605692174236491,14.428116784517787
109,15.181400930442067,14.572463329252965
110,14.289148755527375,14.09944782844495
111,13.93780297122728,13.93219484888731
112,13.532924271500438,13.307869484258152
113,13.125917346800804,12.946850815966634
114,12.754909854837791,13.127291284491214
115,12.640030098478313,12.298920244526087
116,11.95294563544773,11.546741353577012
117,12.737350859616281,11.521183951186966
118,10.814417184167873,10.159768475806162
119,9.49843665737829,8.91380326477137
120,7.470116449804387,6.9176507137828365
121,6.52056763997665,6.189156630408968
122,5.904438439949519,5.80773850863441
123,5.533864396099116,5.3235567787481894
124,5.147313923328724,4.994413732182776
125,4.883152552261503,4.702088690299904
126,4.580949552556753,4.482991350027778
127,4.397072192214004,4.762586715194965
128,4.312739782707155,4.135116067723642
129,4.042610699595536,3.9784918086982053
130,4.515336713269203,4.06417089097272
131,3.886816430103739,3.800625682637027
132,3.745534761072527,3.7029219856445144
133,3.6491767182405015,3.608439502834294
134,3.572411929917858,3.538513832908296
135,4.408552718803609,3.823753647262559
136,3.6178763892768027,3.5312535033069166
137,3.482498162855008,3.4461290246910474
138,3.424285247846729,3.3884137560497574
139,3.3573512329020865,3.3282438160884142
140,3.300134228794076,3.705480055077058
141,3.337378231156454,3.20410710830746
142,3.1451238981128418,3.109881449071274
143,3.5842350005767565,3.2587223028348866
144,3.138149525280709,3.0832334800318684
145,3.049475900374051,3.6250754360214383
146,3.1461881126283817,2.9795196964693798
147,2.911746205102175,2.8755009485915117
148,3.544128093002405,3.0876835925509862
149,2.926879246673259,2.8607414270328615
150,2.8249533246043272,2.7989712346861526
151,2.784311780519158,2.7585307915323374
152,2.736029208875152,2.7146958157531866
153,2.693841449237995,2.6764461517987463
154,2.6491405360078364,2.6267576900850838
155,2.6060174460372436,2.5858807185371657
156,2.6266403806573697,2.576074817947345
157,2.546633061524809,2.5239225457172996
158,2.50340833026347,2.4821827746361618
159,2.462422872734822,2.443074088217618
160,2.423929139692766,2.404919014534611
161,2.3918766357483223,2.3694052823509075
162,2.3494848095702237,2.330475707089813
163,2.3118321350113464,2.2933718240285463
164,2.3012131635700808,2.2576780090912365
165,2.2315422226080788,2.2110257978599406
166,2.1923654472537724,2.212310950216537
167,2.175549622390311,2.1517935350183346
168,2.1322441115269473,2.114094780666821
169,2.1005712377291372,2.0758193499316744
170,2.056273689687494,2.03842184173981
171,2.021158966904824,2.024693002408546
172,1.9977934007157159,1.9777118982911754
173,1.9598919340381153,1.9428597841998876
174,1.9261383965866417,2.4407688591941294
175,2.038606634854758,1.9007024541680753
176,1.8461871620034838,1.8181257377510947
177,2.433303900977638,1.9968421768031768
178,1.8418646563220633,1.7801418983682757
179,1.7493496142938538,1.9201479208577834
180,1.7845939750211475,1.730254048839845
181,1.702275309878391,1.6828921415214397
182,3.385764974967809,2.228403957143455
183,1.8572378944215107,1.7316116730401747
184,1.6820527800220653,1.6559816501153688
185,2.7375824024744597,1.9212531866698335
186,1.661768309456014,1.5718370902407663
187,1.5340757836968335,1.5254820250322254
188,1.4981095141217573,1.4798354208403266
189,1.46446644277578,1.4500664818403932
190,1.6687111213186587,1.4861655442116821
191,1.418181289862161,1.3871364509534752
192,1.3680705735787169,2.0037614953224407
193,1.5469650077785462,1.388402725653493
194,1.3276612066131932,1.2990978293424562
195,1.2811708801654786,1.8868788966638372
196,1.4657279585177547,1.3238550894042986
197,1.2704346271312976,1.244989392045028
198,1.2418950559165016,1.2208275672266398
199,1.2057809480102644,1.1926634193246555
200,1.18020554758094,1.2258460288703175
201,1.1669351816574212,1.1527629183670358
202,1.1418810480256287,1.1329961508024549
203,1.1253269546336555,1.1724427570304452
204,1.1482597931567757,1.1313480718905324
205,1.1188417182976935,1.1090067215383037
206,1.3861007481937437,1.2620974207674063
207,1.1838573153554268,1.1336815109708207
208,1.1007298016942115,1.2764156700164797
209,1.1904839853649578,1.1356804866555228
210,1.0999563413817885,1.075927577264164
211,1.0590705110737637,1.6097093271301524
212,1.3712338261319992,1.2241084731020297
213,1.1324698399242927,1.074580162922408
214,1.161916489968791,1.0943889522750005
215,1.051444226972485,1.023389820709375
216,1.0043513733902905,1.079276772778083
217,1.0346161392185642,1.0049167363955775
218,0.9845151095049512,0.9698948667719645
219,0.9588726819265804,3.5208400219652987
220,2.5138338810652217,1.9032117446118573
221,1.5330049585760848,1.3081688350127765
222,2.169064623012283,1.6649538689678722
223,1.3612266876034287,1.1770175068437077
224,1.0643384512983363,0.9945757113435405
225,0.9707901454327952,0.9340309968557927
226,0.9098608292233172,0.893317371565672
227,0.8814006534796663,1.475832940230456
228,1.2245472170541787,1.070517982870201
229,0.9753032536825439,0.9157133340371684
230,3.052664581432986,2.1871230766854084
231,1.6602038966735169,1.3392655360992114
232,1.143337951036624,1.3811461234517535
233,1.1524527946403653,1.0128634291500451
234,0.9268614611408157,0.87314992784205
235,0.8389259143820202,0.8322064173995196
236,0.8137683183067047,0.8007904004885139
237,0.7911517708914992,0.7835585176943178
238,0.817254654123233,0.7949825983530588
239,0.7796115235769152,0.7684971474306534
240,0.7600122500897424,0.7917993891362686
241,0.7723793248451098,0.7588233830616593
242,0.7488751093137218,0.7411495527936871
243,1.45147442538936,1.1542068094916733
244,0.9733462701580233,0.8625449135692346
245,0.7939933380797235,0.7509603080853328
246,1.0903606661834695,0.9344031399814402
247,0.8382167635978948,0.7783354302890724
248,0.7404893205078378,0.708085767424735
249,0.6944646024909849,0.6846206988015175
250,0.6770953745226931,0.6709962889683172
251,0.6651051424641898,0.6599672115715214
252,0.6553575182654037,0.6510781449122718
253,0.6470081224066186,0.6818419549286738
254,0.6645721476493367,0.6526927735365999
255,0.6440683010203934,0.6374114340060137
256,1.3506042235971978,1.0556916433331809
257,0.8759703414277419,0.7657684422416343
258,0.6976020029459056,0.6728215691032995
259,0.6419599522267211,0.6219228103799207
260,0.6084408633825688,0.598929797347976
261,0.7800263668747384,0.7029693506705288
262,0.6548736261366338,0.6243616940729944
263,0.6045229905728946,0.5911632814344301
264,1.396929892321467,1.0660996668732912
265,0.8628435431847719,0.737370306634214
266,0.6593857179286458,1.0442558719724517
267,0.8497537991097399,0.7302194510573308
268,0.6563098280274527,0.6101481971604552
269,0.5834061033019027,0.5633713464275435
270,0.5499167908506625,0.5404815816829722
271,0.5335042003961408,1.1864785981572399
272,0.9156196039524969,0.7509533049397248
273,0.6502522877791783,0.5881567571168821
274,0.7049144353183906,0.6230924859070113
275,0.5726168320082012,0.5410517558861252
276,0.5208865862129618,0.5075909120980974
277,0.6103684137257747,0.5571051939818117
278,0.523652366863977,0.5022212745279551
279,0.4880939104536728,0.5936079087683072
280,0.5438651289650364,0.5126364590269257
281,0.49262940435476016,0.479423481353377
282,1.7291491725019021,1.2317135229700897
283,0.9296872769225484,0.74611408421176
284,0.6342127972852238,1.9262438363031178
285,1.3291635750151536,0.9705448552357817
286,0.7541815495578981,0.6229972545765678
287,0.611126493156323,0.5398880040634461
288,0.49556459996587054,0.46761179393982377
289,0.4496151659597333,1.8629631606025012
290,1.293426211640207,0.9499643926052026
291,0.7428575379095156,0.6177651302576912
292,0.5418895838355948,3.2853800108096634
293,2.1204878658151065,1.4261546306659034
294,1.0101815640823326,0.759883546932695
295,0.5587438396598458,0.48698172726478095
296,0.4428266349920519,0.4152941967049889
297,0.45927930045127285,0.42233225745166364
298,0.39922800677293996,0.38444767298232596
299,0.3746781722028094,0.7577195755490997
300,0.6020957140919918,0.5074155298705797
301,0.44952593739382446,0.42477994869897473
302,0.40648302965060235,0.7772338050853476
303,0.659487066603899,0.5734967183758577
304,0.510571368664152,0.4644082877563283
305,0.8484411655787593,0.7118818392003949
306,0.6123574245103249,0.5397433328730613
307,0.48667383696226096,0.4498269325363712
308,0.42073433501547003,0.3992292910635348
309,0.3832355661900321,0.3712448458677715
310,0.9570006013719998,0.7828946081880003
311,0.656515728186958,0.5646266433520627
312,0.497683833832154,0.4487980330429395
313,0.6748713968197386,0.5795137607546414
314,0.5100143336484637,0.4592781668099546
315,0.4221513155864305,0.5450549492541913
316,0.48136200380342675,0.4348170183109561
317,0.4006986562908939,0.37559044527592067
318,0.3753179841265681,0.3563478436676025
319,0.3422355635735715,0.33164949037755004
320,0.32362411428570187,0.6955120746785333
321,0.5893625452724762,0.511968279389305
322,0.45546302713085696,0.414126535886828
323,0.48413292150183734,0.43362225063851767
324,0.39634741707873467,0.3687511645878241
325,0.34823462245186987,0.3328984119022165
326,0.4492150763160104,0.4070127340195411
327,0.37590988353696664,0.3529040091461478
328,0.33580467778497275,0.9102767494862551
329,0.7432973910777023,0.6202664399821258
330,0.5295252781245001,0.4625130866193643
331,0.5728109455827399,0.4936921033078949
332,0.4359169232565808,0.39365126109524184
333,0.36265256941407,0.3398371077251171
334,0.8729024664324969,0.7060547062516866
335,0.584928610694241,0.49686266125709194
336,0.4327222760424178,0.5234622126551409
337,0.45393245116166436,0.40315704306805833
338,0.36600433189311876,0.33874412985667657
339,0.6224518835783415,0.5211836615229892
340,0.4476341181001947,0.3941136677800552
341,0.3550761834900238,0.4587480496031402
342,0.40305054568739235,0.36196891633876693
343,0.3315925289861772,0.3090592255960373
344,0.3775981785286407,0.342854226843299
345,0.3169842359431857,0.29765562369466136
346,0.28314945870389324,0.2721989465120937
347,0.2574517865669369,0.2529574893280718
348,0.24940686985266627,0.24654817574317356
349,0.2441971382186545,2.4777951398594755
350,1.8648615435763256,1.4198325201272244
351,1.096905434894422,0.862676540293265
352,0.9658902087418121,0.7613812171921991
353,0.6136869685635238,0.5068682947795997
354,0.4294922227474025,0.518871380849791
355,0.4408730027919122,0.38406442597484636
356,0.342628346841221,0.3123406520509639
357,0.29013573692213107,0.2560334999990248
358,0.24866908609480937,0.24303406322243185
359,0.23866441712146474,0.23522098851546439
360,0.23957397043914253,0.23491444777834797
361,0.23127225801441198,0.22837272951426377
362,0.2260157380814933,0.22821634578995242
363,0.22558128637361385,0.22340512837801513
364,0.22156861908895267,0.21998374558390982
365,0.27082383589063114,0.2557684578084957
366,0.24467699098698126,0.2364433528745557
367,0.23026979132829606,0.8562125112050633
368,0.6761558413025885,0.5457382419047732
369,0.45114879602284796,0.3824447862835381
370,3.1226623665313853,2.3168073098912974
371,1.7334216288998041,1.3115416163768427
372,1.006730383904792,0.7866555085703351
373,0.5170240097186588,0.4284339069593698
374,0.36470052498628713,0.3187534023626114
375,0.41542965523330416,0.35409936622657545
376,0.3098589240059349,0.27786790637616865
377,0.25466382575426877,0.7852283668030691
378,0.6206347294501493,0.5014370691656784
379,0.414999550420065,0.35222651737503324
380,0.2495425436682971,0.23336035623536422
381,0.22122188328449705,0.21206815381331467
382,0.20511774390326792,0.5040631151148584
383,0.41501389256661503,0.3502930344137917
384,0.3031796448717766,0.26881778981535126
385,0.31597768196079734,0.27923428988399357
386,0.25227536678769164,0.23244435565639165
387,0.21780575327735158,0.4428393477133622
388,0.3686614041453909,0.3146753909611566
389,0.2753188893178966,0.24656786958861657
390,0.24204169588736088,0.22171920589580726
391,0.20682608746257952,0.19586117740236145
392,0.18773948085467146,0.4312961262047481
393,0.35985975392400815,0.30771685214783157
394,0.26961266994257177,0.24172154728723527
395,0.25329333655113084,0.22940500792468563
396,0.21195642207858076,0.19916481209560755
397,0.18974027990195916,0.21305080900887752
398,0.19962641805674974,0.18974025700870323
399,0.18241333106917457,0.17693743869068376
400,0.45255151285410533,0.37237382506039046
401,0.3138547828648542,0.28115030642865657
402,0.2551474096609936,0.2996938497914573
403,0.2702021885157948,0.24663115245961073
404,0.22777209201376228,0.21266358170381677
405,0.2276626388329956,0.21287015203181728
406,0.2009495302341987,0.19132589359264507
407,0.18353949896811989,0.44294392822064055
408,0.3826925258207581,0.3349419594672538
409,0.2970822175887039,0.26704708512652786
410,0.4014264805669333,0.34917628684515434
411,0.30788682614729124,0.2752436001451313
412,0.24941929801010543,0.7328948588255809
413,0.6108696623524894,0.5141166983243577
414,0.43736472357189393,0.37644756449157457
415,0.3071311701100501,0.274435479963681
416,0.2483812664468743,0.22760111855314702
417,0.2110091499467897,0.19774308794854112
418,0.18711825468742227,0.17859100540880435
419,0.17172968523750087,0.16619156156967385
420,0.8269349044421614,0.6846622983303813
421,0.5717373313101992,0.48206849548604425
422,0.410834705819187,0.35421856455627904
423,0.33296134682299805,0.2931737848217785
424,0.2615373559783119,0.23636515274178893
425,0.21061981804208074,0.19558616813368823
426,0.1835248758317921,0.17383189527897563
427,0.16602614450422967,0.15972443513346646
428,0.4461192378654444,0.3815844334715196
429,0.33026382974219226,0.289429274242037
430,0.2569176767191822,0.20607780559163716
431,0.19087988939368095,0.17875039200227374
432,0.16905372910448235,0.16128600663107134
433,0.46771718275978913,0.3967304884259486
434,0.3407662832144558,0.29663859469513143
435,0.26183399829191867,0.13755178832531675
436,0.13612716084825655,0.13492572239215897
437,0.13389993587324567,0.13301243856995845
438,0.5297516359746597,0.44534924415192256
439,0.3785385890178131,0.3256238463353057
440,0.28368964810886366,0.23666579936014984
441,0.2134160277822582,0.19505881643156348
442,0.18055033651760058,0.16906882626283576
443,0.1942367886514359,0.18007790300290277
444,0.16877958853154862,0.1597485132383482
445,0.1525144635381147,0.14670481062039467
446,0.13943468926674268,0.1360782604503753
447,0.13332333130905855,0.1310495283136517
448,0.12916061632275203,0.15304438073255622
449,0.14673641141736796,0.14162271755162625
450,0.13746400319549204,0.13406896958188955
451,1.3975410465569325,1.126731311695433
452,0.913416054281645,0.7454535237529134
453,0.15125392967648787,0.14458826002105962
454,0.1392820480560003,0.13504235181495267
455,0.13163954986966253,0.2520430934364736
456,0.22368422864336296,0.2012264883046292
457,0.1834234965662094,0.1692932151797616
458,0.14505504268819963,0.1389522887560014
459,0.13403859574551905,0.13006867845058437
460,0.12684799426293036,0.12422222182436421
461,0.8837566043080631,0.7189673078608773
462,0.589307185744454,0.4872262231017249
463,0.40681215172967133,0.2862604621410364
464,0.24937759439996604,0.2202495670593863
465,0.1972346661794014,0.17903778279434518
466,0.3897586719854727,0.33252348026814915
467,0.2868221323492521,0.2503154350532039
468,0.22113934116720876,0.5681536263876956
469,0.4729334352956698,0.397210065814111
470,0.3369693880133479,0.2890264930229476
471,0.3247855448710559,0.27952455842960794
472,0.24359217005573705,0.21505350872923207
473,0.19237465849943486,0.1978050302857089
474,0.17888892402152504,0.16377680123746366
475,0.15169114818879334,0.1420134622139021
476,0.2787241067262445,0.2427324859832326
477,0.21397773449088786,0.19099169959541085
478,0.1726045127945845,0.15788388434498146
479,0.3224321342008035,0.27763729888995714
480,0.24191305169906263,0.21341024629798291
481,0.19065675126146242,0.2387681982902417
482,0.21027164706589202,0.1874988789928078
483,0.16928786865772733,0.15471285668626622
484,0.3460149872925772,0.29589895554109635
485,0.2559466885384396,0.22408476160536056
486,0.19866274821145985,0.31970734624114866
487,0.27414544922010514,0.23778861390220302
488,0.20876375439983505,0.1855796150338437
489,0.2589511616704257,0.225247070930523
490,0.19853079111151142,0.17734233361012675
491,0.16052643029783628,0.7285098658919615
492,0.5954944861544977,0.490258006979603
493,0.4069627743938624,0.3410054455388465
494,0.2869154759750977,0.24780417802863525
495,0.2165411966402721,0.19154080445751243
496,0.17153774905222563,0.1315159745532291
497,0.12349013596803035,0.11702155043324944
498,0.11179832226619493,0.10757105901582344
499,0.3221707080149554,0.2731834649564631
500,0.23442864233313454,0.2037516502881575
501,0.17945354235381455,0.33777752017368534
502,0.29541951311482556,0.2602777938750149
503,0.2311198263319338,0.2069228915497735
504,0.21086037801655397,0.1900465140856115
505,0.17277490221015548,0.15843781948899582
506,0.1465315598907126,0.0912969159968734
507,0.09069563653859045,0.09016058939609384
508,0.08968106774918143,0.08924810915773798
509,0.0888542111854118,0.09806393276545522
510,0.09608205160548475,0.0943996754676816
511,0.09296673322896981,0.09174155291539833
512,0.6407583268184709,0.5478702768226021
513,0.4704332295609937,0.40586428658227724
514,0.35201414197910275,0.37419760508018773
515,0.32525029184762616,0.2844888200698188
516,0.25053522257711397,0.22224442831497943
517,0.4123628686744353,0.3560765928067259
518,0.3094094695617508,0.2707168825239461
519,0.23863422492933598,1.4547259910689991
520,1.2188923953653135,1.023554282484674
521,0.8618016489666246,0.7278923620141643
522,0.12051636128327331,0.1139336174115546
523,0.10845782450320383,0.10389719802759367
524,0.10009328767467385,0.08604805415646041
525,0.08536702134148494,0.08476858064426965
526,0.08423912321075563,0.08376729813653983
527,0.8755599161003014,0.7383918656344566
528,0.6248838627703346,0.5309216415172013
529,0.4531137076926668,0.38866241015100766
530,0.33898801155345365,0.2942713867374996
531,0.25716875607651124,0.2263741512265815
532,0.20080677145306178,0.14329440234902138
533,0.13200549822041657,0.1226378248665193
534,0.11486000109063237,0.5186045786292902
535,0.44635531990329913,0.38584536935550984
536,0.3351618389707455,0.2927038210317672
537,0.4240907304674685,0.36449669415463826
538,0.31511733900524824,0.27420248067239283
539,0.24030041893867565,0.15218205903791754
540,0.1394267755564147,0.12879354715463692
541,0.11992462006813312,0.11252254862413008
542,0.5412448977664764,0.46146640689672525
543,0.3952939555427444,0.3403915341382254
544,0.2948269290885712,0.257001235997822
545,0.28436628436286715,0.24854962999507185
546,0.21882108413305545,0.1941428104631045
547,0.5744635710131796,0.4911267417767893
548,0.4215679958627894,0.3634999093735539
549,0.3150160433060404,0.2745272057588415
550,0.20071858555797414,0.17906774435547634
551,0.1610434865220036,0.14603413486565256
552,0.13353110033508292,0.35566122269001466
553,0.3080137739175286,0.26826974412936605
554,0.23511107784429935,0.2074402309180371
555,0.18714451893437772,0.16733089310709445
556,0.15079376307500125,0.13698636029718914
557,0.1254533936968468,0.4393393564853502
558,0.377432951682631,0.3258884011588183
559,0.2829685217880955,0.2472268889015778
560,0.47067231164750956,0.40423465571713124
561,0.3487411090174726,0.3023815075408758
562,0.2636458808943044,0.21124410122477338
563,0.18734855830892883,0.16738785213700458
564,0.15070915718544473,0.1367682066914592
565,0.49995307213127027,0.426055610713993
566,0.3647783999820745,0.31396852944923626
567,0.271838690495376,0.2195957408150774
568,0.19368719983159888,0.17217950415716915
569,0.15432183916837983,0.13949121659337177
570,0.13300212066490308,0.12199740099085785
571,0.11281763278470608,0.10515605431880277
572,0.0987574800841895,0.10745872084228114
573,0.10064667564470704,0.09494395379509074
574,0.09016594459904362,0.08615878813080649
575,0.11879888310449854,0.10973055853125385
576,0.10221243435619105,0.09597568231548961
577,0.09079799912017461,0.9690014101876842
578,0.813816340282879,0.6852980978071477
579,0.578885084278774,0.4907898937133429
580,0.23192258107319508,0.2025156329771926
581,0.17825026946216205,0.15821976243219665
582,0.14167823391090112,0.1034814001588965
583,0.09655463980443779,0.09081129414336417
584,0.0860447626828577,0.08208462588647084
585,0.07670536902747063,0.07434163838002378
586,0.07236441500779525,0.07070664575090065
587,0.06931294215439737,0.14157862019930634
588,0.12814590940393022,0.11696153728591999
589,0.10764453904925517,0.09987872201265482
590,0.5238567190557235,0.44450768076326386
591,0.37875612036513734,0.3242562897924634
592,0.27907010489049117,0.23044833909376447
593,0.20154863907515563,0.17757204202645066
594,0.15767730066458335,0.14116657067122745
595,1.5724102246804275,1.3112475571135167
596,1.0950925569920167,0.9162479036254646
597,0.7683184102652659,1.1474198862418408
598,0.9582056799413056,0.8020385132922999
599,0.6730880986073726,0.566567555714819
600,0.6082597007262411,0.5130518761344011
601,0.43433561625889266,0.379655375994744
602,0.3329078913849367,0.18100095333287042
603,0.16369425641398266,0.1488206296033811
604,0.1360360119136983,0.1250449661292299
605,0.11768232994407433,0.10916195332981524
606,0.1018488150054587,0.09556986186661813
607,0.09017682759788608,0.07101667476813059
608,0.06916249397767019,0.06754687467412954
609,0.06613740845322218,0.06490609323403566
610,0.3249696663783032,0.28621280962394136
611,0.25303314031422286,0.2246226986646529
612,0.20029128812898161,0.1794491603504916
613,0.1953461459733874,0.17547164725692382
614,0.1584315790449232,0.14382013120010295
615,0.16047670024575086,0.14559005341938921
616,0.13281966550756874,0.12186288439592574
617,0.11246028310968978,0.10438950237258411
618,0.10481399402056801,0.0977536102058146
619,0.09170120357272013,0.0865109748873002
620,0.0820581865842506,1.8992439553939104
621,1.630503390580303,1.4007705667551247
622,1.2044394651249837,1.0366990301807448
623,0.19463420126591147,0.17398509387184896
624,0.15637654406693885,0.14135699592940199
625,0.12854235095937377,0.16924835562963408
626,0.1522248379343651,0.13770390875676533
627,0.12531440055554913,0.11474047988834143
628,0.06253943828723785,0.06128522738574201
629,0.06020128932279277,0.05926263210906475
630,0.05844794146239997,0.7186074019226796
631,0.6236832618086495,0.5422990721166017
632,0.47251096155946337,0.4126563726343101
633,0.13034668701142982,0.11960162843850075
634,0.11034044806297336,0.10235632574463915
635,0.09547128306216546,0.07978187669720559
636,0.07604279893645664,0.07280206490085694
637,0.06999161259010982,0.06755268154627948
638,0.08080677791429615,0.07682318252536305
639,0.07338390020649836,0.07041277259459947
640,0.06784430898170055,0.05333081937935179
641,0.05308267745327236,0.05285691727110906
642,0.052650410196690034,0.05246046899667336
643,0.1682865787241323,0.15146160539099834
644,0.13703057016401204,0.12465004038070016
645,0.1140260623961415,0.07969935865371766
646,0.07560288014043863,0.07207315929510105
647,0.06903003001898336,0.06640467456333873
648,0.6075736445617705,0.5286264247776473
649,0.46084088124918154,0.40263044529317105
650,0.35263546024505577,0.1747476751067667
651,0.15690601337582258,0.14160597165926908
652,0.12848401316083663,0.11722851630865995
653,0.484191769200742,0.4220008123966491
654,0.3686916459478354,0.3229881630570685
655,0.2837988422596251,0.2644211308149411
656,0.23328714830114478,0.20664406612046937
657,0.1838439769876982,0.16433208757747708
658,0.5316818207027247,0.4616918104240294
659,0.40183108391887357,0.3506237123367845
660,0.3068106240211552,0.24207425907485072
661,0.21401050064108634,0.1899967394596134
662,0.16944824327000385,0.1518643869116449
663,0.32401565968564905,0.28587929845243704
664,0.2529674244832443,0.22456215540894708
665,0.20004438435319394,0.19022205338391457
666,0.1694176376320334,0.1516341279346319
667,0.13643238425627136,0.12343684976910593
668,0.0615944400639519,0.05937658191166078
669,0.057465201332365816,0.055816367665893804
670,0.05439246448566924,0.5700441965016236
671,0.4943472232966966,0.4295895089821678
672,0.3741795174235728,0.32675922863011964
673,0.1254107662125113,0.11386825541338937
674,0.10398631541750294,0.09552480780617385
675,0.08827824456422456,0.064707156476383
676,0.06201943162363986,0.059690945592494674
677,0.05767229900372496,0.05592089205241006
678,0.080320382948656,0.07526790835966682
679,0.07092707461045161,0.06719613172407798
680,0.06398787662849562,0.07082903627622625
681,0.06717316834376769,0.06401342525066944
682,0.06128105134698739,0.05891682922429234
683,0.6554519227713336,0.5665650548966056
684,0.4906176385308504,0.42571220429505807
685,0.37023227933270153,0.19514261806803435
686,0.17362994384134986,0.15516324320107083
687,0.1393100055175185,0.1256990557918432
688,0.5761569443979508,0.5020653497671517
689,0.4382512675812427,0.38328439938931114
690,0.3359341418249566,0.37682569128597704
691,0.3298084341257852,0.2893955304532791
692,0.254655096980876,0.22478729715677026
693,0.1398892082151143,0.12656172301283802
694,0.11503782594637962,0.10507221097513077
695,0.09645294200797197,0.14101205088410762
696,0.12742254300931966,0.11568133637728523
697,0.10553571230206754,0.09676753005191555
698,0.5556733002194418,0.48170312464805043
699,0.41836329752069945,0.36413029481637427
700,0.3176977668748096,0.06649869406777548
701,0.06287358926099308,0.060196069033086524
702,0.05784765161812948,0.05578703801971973
703,0.08832920215522068,0.082440614800283
704,0.07728539420581294,0.07277144984741132
705,0.06881822863264705,0.09128947254322364
706,0.0853349730469875,0.0800769933016181
707,0.07543324390011999,0.07133116233614151
708,0.21094967188833638,0.19001091884286614
709,0.17163844289467495,0.15551583626860682
710,0.1413658808584877,0.3555953118090653
711,0.3180932683894214,0.2850330805393383
712,0.25588719535372506,0.2301908270122776
713,0.1292202539627294,0.11831252568844479
714,0.10873753661414544,0.10033165314207254
715,0.09295131403223093,0.16859908367207926
716,0.15264018095724236,0.13865726009993232
717,0.12640516621796488,0.11566908225847125
718,0.1198857986128963,0.10990356238673665
719,0.10116254865807361,0.09350777819969995
720,0.0868035758393991,0.09224685116137418
721,0.08586987914480779,0.08025900172273964
722,0.07532131219438656,0.07097517586215163
723,0.05971265978168374,0.057164149266709915
724,0.05492985575148727,0.05297021548208365
725,0.051250640077543486,0.44557398873549037
726,0.3966971085184355,0.35368449259234475
727,0.3158298709885208,0.28251234931094793
728,0.20868922850570115,0.18765381210956156
729,0.16922552851689326,0.15308095740016747
730,0.13893667938565124,0.489730521093222
731,0.4333445931466465,0.3839999086771936
732,0.3408112637458557,0.30300569647322567
733,2.6778728267288257,2.3450250621566058
734,2.053819140742596,1.7991118123391299
735,0.45239786749837496,0.40098409900036747
736,0.35596795678812626,0.3165552322157761
737,0.28204976794071746,0.4910727860144535
738,0.43476519929159396,0.3854634291315142
739,0.34228966417739326,0.30447705141927395
740,0.9079767660859194,0.8013151951162256
741,0.7077669906804067,0.6257088125393059
742,0.5537201760299316,0.1681389094845374
743,0.15235588289420549,0.13848218911233942
744,0.12628599591015824,0.11556361080336768
745,0.05955428695614423,0.056849494750174354
746,0.05446194983219157,0.05235367256033789
747,0.050491239026177026,0.46489593523014616
748,0.4118936095501913,0.36544921540454167
749,0.3247463144054048,0.28907088258235103
750,0.060524703585670935,0.05760408406518406
751,0.05503143467355469,0.05276453338225229
752,0.05076628605593744,0.5137226350992701
753,0.455117367088006,0.4037120200478417
754,0.3586169711584189,0.31905329129936333
755,0.3068644285929035,0.2742455049344991
756,0.24554582899104743,0.22029260457712263
757,0.19807026588227283,0.14604397007535436
758,0.13307264327628285,0.1216157305186224
759,0.11149577046014952,0.10255609968121168
760,0.24095540579772579,0.21571559222885867
761,0.19356513515152823,0.1741239205690574
762,0.15705882155804224,0.3227115224846161
763,0.286984076024442,0.2556863925530036
764,0.22826997580684924,0.20425396080557798
765,2.593517484573434,2.272097816758026
766,1.99076660367759,1.7445816998156043
767,1.529201326870529,0.05095291548581804
768,0.04891818237270386,0.04713558653039189
