1,22087.657192622893,19826.55923609189
2,17789.399283955972,15795.328338681598
3,13473.424965556156,10340.407865752302
4,6812.972267070338,3740.4617378511743
5,1982.0169971153978,1062.5727904994453
6,604.8162078129369,379.42846435583465
7,268.0140208361293,209.15898027917098
8,181.00524238464436,165.21961472343796
9,155.55815435071463,149.0221277142776
10,143.43461537287465,139.71923429589114
11,136.51629881501484,133.68573956429094
12,131.14496697816531,128.8409781401837
13,127.09578534587749,125.11297671219928
14,123.30498177203364,121.64116778767604
15,120.10056766270243,119.22652911432857
16,117.83834549411888,116.55899138682784
17,115.36758831610595,114.25097970466615
18,112.61315669113642,111.56124493464382
19,110.59806762939152,109.6997422009531
20,108.85311469489017,108.86616344961539
21,108.03311720273648,107.26794945682468
22,106.55006476511602,105.86865799584093
23,104.5172462698545,103.72077892715211
24,103.04346182138923,102.43227641592446
25,101.86153304398988,101.31840055355448
26,100.66168399010222,100.14819572349361
27,99.65379708124787,99.1739681182562
28,98.70578947954112,98.40091839322261
29,97.94688221629124,97.49938753532147
30,97.05548525560559,96.61208706604117
31,96.66799102001147,96.15262345339237
32,95.65678798960923,95.15424737965688
33,94.62411077101194,94.32771682378359
34,93.65799774347212,92.87511705559133
35,91.91215552782703,90.68890398262866
36,89.14068150998978,86.16875217628922
37,83.54745688383869,81.44161589368753
38,79.76913968189817,78.41563250533255
39,78.41460811081573,77.31378625936426
40,76.40538372861258,75.63790306710928
41,74.97566614771046,75.37092737423345
42,74.6521098819097,74.07120133459658
43,73.56999367267133,73.1165149236321
44,72.44234029805463,72.00368149163057
45,71.58584176931308,71.16997398156323
46,70.74117506109982,70.28460431776824
47,69.98465012738615,69.4163647815856
48,68.76169973203059,67.9909269247167
49,67.08115076072592,66.56428712463831
50,65.3805109370333,64.16766615215843
51,62.97933932821084,61.86607610628954
52,60.662784609654054,59.77813745100626
53,59.005464923576746,58.330578297300505
54,57.73921731763997,57.21817790286188
55,56.90292503881737,56.473350465503096
56,56.08953598753804,55.7424639636033
57,55.4252846822429,54.82942761704817
58,54.503535938507895,54.22716047070925
59,53.98001065327804,53.751664244628145
60,53.93942195266901,53.68842451964995
61,53.466044696634434,53.260883238739574
62,53.06681319386013,52.88039510770756
63,52.534406318426505,52.34724760580282
64,52.1693486612232,51.996869040046576
65,51.82762866210959,51.49186940491954
66,51.28855196473094,51.103845968053704
67,50.927554821827954,50.75408193352576
68,50.580025804768525,51.21130619523957
69,50.90112191660502,50.64945239910196
70,50.421585750964,50.19810545690247
71,49.700034247215754,49.398215648878804
72,49.08426568685546,48.73176313805716
73,48.312244997036544,47.9354082986123
74,47.26151298988331,46.37956819190245
75,45.22338684501824,43.77793546548807
76,42.13513148217951,40.31930589249386
77,38.71651513626756,37.307708851127636
78,36.08043999217682,35.01812420609513
79,34.4459713629992,33.59382763712836
80,32.877615871875896,32.271736589712134
81,31.756061207675202,30.913535309174577
82,30.45775968473145,30.114665910504495
83,29.83501299421314,29.59556073329342
84,29.38421115257129,30.339863892503004
85,29.876161704212457,29.558228800745738
86,29.320622550294885,29.129268406826984
87,33.22927113714109,31.567919332147106
88,30.640134257829537,30.094753381662173
89,29.750358287405707,30.28069953854546
90,29.17984312905375,28.566981999650054
91,28.205985911997246,27.976128064787105
92,27.815214707768646,27.69311357443686
93,27.560113580124757,27.45215121333971
94,27.357956333898827,27.271575031127487
95,27.23612668360749,27.157504565954465
96,27.08059892216238,27.00499427236239
97,26.930417187741828,27.121143894124053
98,26.832375921803894,26.64576134882985
99,26.513440400573,26.409977506206666
100,26.321824863790084,26.638723061328122
101,26.446230735821565,26.194239979574395
102,26.02627289913815,25.87320050644258
103,25.96091008507978,25.732517469851025
104,25.548921201283207,25.362212248619258
105,25.157150120599972,24.894024932060262
106,24.59862219077615,24.25075220013646
107,23.815502263455432,23.26463249266204
108,22.587216998012323,21.877785090364764
109,21.055694129449915,20.28187262079104
110,19.594647876650196,19.008046567804783
111,18.488115838922493,18.07412669818695
112,17.73668438888108,17.454335439900007
113,17.214211643804553,17.013605881340197
114,16.79736236452972,16.630464065237206
115,16.486284134034555,16.35667119642087
116,16.31370056557239,16.16344998281816
117,16.051219724113327,15.952619507488969
118,15.861198030130787,15.774876180734442
119,16.068599023649334,15.541475724368073
120,15.364163366269837,15.269913732428714
121,15.196602995906389,15.71882439815875
122,15.347735115055652,15.21172033929324
123,15.132063786322258,15.066745177542064
124,15.12859797391729,15.0076351659694
125,14.934899772318065,14.874434612260295
126,14.817622273859067,14.762356779938965
127,15.08611518644822,14.578919531975101
128,14.42016321821969,14.344148525370084
129,14.288123279396904,16.963891228172784
130,15.170690876026924,14.70714132656554
131,14.558930155590783,14.485792194224931
132,15.251782472833973,14.345725554874717
133,14.095026142936224,14.000044751385381
134,13.942278409472806,13.936763707337633
135,13.828919980443867,13.768820477051577
136,13.720338432412976,13.674824063232272
137,13.736231133582658,13.639702864243862
138,13.583058085170514,13.536111341066974
139,13.491621135063504,13.447840923103096
140,13.473132757774057,13.393783680649193
141,13.341870208047037,13.296612728957724
142,13.253011272530308,13.362483368997843
143,13.241806886199123,13.180112385975832
144,13.132541400338823,13.088333064704148
145,13.041689926642826,12.94633294308489
146,12.890709485415538,12.844412118403424
147,12.800179582622228,13.09119491679121
148,12.680497919208205,12.548692997762622
149,12.483090174729137,12.432858830467147
150,12.385785506268764,12.804628878421635
151,12.491212865546741,12.37941511532776
152,12.314786817937327,12.260280996565381
153,12.418091428571167,12.272890501176551
154,12.195253803758842,12.131193498802574
155,12.067470002190687,12.019661725122434
156,11.943697649045106,11.863548596972489
157,11.774731648107249,11.673542256764344
158,11.555236841664854,11.422645499866771
159,11.246386464987662,11.021673092450374
160,10.726083075282412,10.33140172016551
161,9.792440555057134,9.139244843493442
162,8.41028136475376,7.675838547591884
163,6.987831990852716,6.252148114127368
164,5.677058349766783,5.226465264908665
165,4.848208808012815,4.528579174011865
166,4.3822363839231215,4.084004021143716
167,3.8681367056727787,3.6935763069876177
168,3.5464790143108207,3.4203752975292767
169,3.3111985322709714,3.2123915109711056
170,3.1282515068895442,3.05454669565851
171,2.9891487585897907,2.934591364709954
172,2.877714497990921,2.829015427385772
173,2.7854296329763057,2.7457480644989016
174,2.751918663731881,2.6674148634017265
175,2.624317887692583,2.5930792692496105
176,2.566102634760819,2.64596879861066
177,2.557404955080375,2.5176226653787186
178,2.4916801502022565,2.470185434193414
179,2.4923911447571583,2.4544612460115323
180,2.431481904689322,2.412870658848149
181,2.395868416469911,2.3797193594759873
182,2.846613879985149,2.4271199656535307
183,2.308437249036297,2.2679353955778483
184,2.2479764786300684,2.5993110717915338
185,2.3486782415287353,2.2731795484209405
186,2.2441387848202066,2.227532072773746
187,2.225081368893549,2.200703091474986
188,2.185637930378326,2.1731568394917673
189,2.1614292606078656,2.356515496385483
190,2.171624413524511,2.1141401566159437
191,2.090558591573261,2.0759723229867544
192,2.4353623532915902,2.180233264580605
193,2.1040207848281978,2.0751813162637336
194,2.058797491357753,2.045583526133556
195,2.033052021515765,2.0205172595213208
196,2.007769134261504,1.994720980464921
197,1.981315805578513,2.028956042617314
198,1.9609261352015173,1.9314590684641835
199,1.911942824930743,1.8945961215050797
200,1.9461463015124694,1.8569423141872257
201,1.8189029640275818,1.8058069711988165
202,1.9278234525445965,1.8417283557182553
203,1.78737895129428,1.7509370648709084
204,1.7245099516272433,1.7035970354049939
205,2.1833475209676365,1.985997511756068
206,1.8695418499899388,1.7982557436415334
207,1.7521088886770202,1.7973473794500605
208,1.7431208690587958,1.705581834766626
209,1.6773310216873758,1.6564642022422285
210,1.6320107124137007,1.6103513670373721
211,1.5900955137044168,1.570436899727888
212,1.550910422265103,1.6745180506439228
213,1.574879339869113,1.50874012136109
214,1.4615910304010957,1.425156405425004
215,1.5458576912437896,1.4660612820875634
216,1.4102102996750472,1.3681669853063485
217,1.3340665971416852,1.3741856759726967
218,1.3311974044270796,1.2974578884407921
219,1.2685978143306782,1.2423123376411316
220,1.2493277206660613,1.2059653151232137
221,1.1710490825120472,1.1411511193049115
222,1.1142882092106392,1.0850441901646932
223,1.0556085110441262,1.0297806534999019
224,1.0061061074249453,0.9837969793139026
