1,2.07597734702143,772.2348567300082
2,696.8212888991105,610.1200703403574
3,550.5252303960235,496.7397892812062
4,448.17767775884954,401.86116876492645
5,362.5221782659873,327.07068370383877
6,295.0084432360164,266.12710653682586
7,253.42267016762574,228.54154545202525
8,206.04681039532983,185.80002172188483
9,167.47719098508134,138.33532101975123
10,124.66067857340147,112.33411483952858
11,101.19438933183909,91.15329905059913
12,76.79246539132899,69.13075882131957
13,62.18212395598458,56.01050012975337
14,50.447235128237025,45.33912902378262
15,40.665202283784936,36.572366564447364
16,32.909898431901595,29.55111232183082
17,26.563753201786316,29.60199079633538
18,26.616056230936568,23.85634758747242
19,21.415867697508656,19.205427429032174
20,16.06709973130185,14.385899411394748
21,12.89372055794713,11.558246200633107
22,10.347013363131277,9.278874620176563
23,6.675755332494992,5.974519073164882
24,5.354645786969009,4.7971845497324725
25,4.305060819011167,3.0669357575525966
26,2.7619765440029562,2.469478058187432
27,2.2266686815664665,1.9898540693936602
28,1.7844359230283913,1.748200055512216
29,1.573422478449157,1.4095959949325239
30,1.262261141644053,1.1391360703605016
31,0.9646350508190108,0.869315813997579
32,0.7850595567017081,0.7089490707682731
33,0.6412617268404823,1.9022875843369484
34,1.7065626120023638,1.5321777447929121
35,1.3751622370932224,1.2365802284578005
36,1.112571966849239,0.37913792668010665
37,0.34837532546062416,0.31710530471789655
38,0.2913332662426115,0.26721006551541443
39,0.4953253853196612,0.45104264261634625
40,0.4084255097040139,0.3730052908057525
41,0.3418966857407172,0.7085184816734224
42,0.642245244061353,0.5804680052124944
43,0.527778822175118,0.47817272526989524
44,0.4365032833386149,5.288268435881527
45,4.735059097257476,4.240295415929646
46,3.8031951626083353,3.401284889473162
47,2.741065079505638,2.452139140575664
48,2.195908593171159,1.965454802701943
49,1.7657697294694183,0.9834753111891413
50,0.8854951754049484,0.7993169973209785
51,0.7216316208621707,0.6519131031080981
52,0.5868324956531634,0.2677139882799564
53,0.2461848699436962,0.22578645842126938
54,0.20968795115859745,0.19213846735901263
55,0.533951041997962,0.4833962152547986
56,0.4435625679231431,0.40050685468692826
57,0.3631870123999623,0.9532626211022419
58,0.8595886055992881,0.7760208623485456
59,0.7016009945509067,0.6344369561448465
60,0.5723061178862903,0.377374684403734
61,0.3457318844323312,0.3141310134347197
62,0.2859993244243871,0.2636663089381508
63,0.14351213746082944,0.13652281731749022
64,0.12800980424156985,0.12218419533429228
65,0.11530727226300867,0.11064749786243801
66,0.20376533613171405,0.18797525248867167
67,0.17430753270585386,0.16224028616363384
68,0.15139605084234042,0.09127559499707208
69,0.0876384949511388,0.08561332361861955
70,0.08331318296044657,0.08100532019119121
71,0.08373633358431468,0.08245370108915953
72,0.08025854304723823,0.0784997989340736
73,0.07639618099495618,0.07531610928537652
74,0.43616730837897244,0.39527783623797086
75,0.3602797408192708,0.3299466713904726
76,0.30272559170689206,0.4461854243884341
77,0.40976251256825125,0.37073815148790223
78,0.33931222368744174,0.31046038266100195
79,0.31931289777932303,0.29155650307542447
80,0.2643662206444175,0.2445890335437563
81,0.2231489191660657,0.2069946124835836
82,0.08848295191712713,0.08614662157159032
83,0.08268168710907337,0.08150243029685753
84,0.07906346782326709,1.4477329668801016
85,1.2978751526691283,1.17163481165309
86,1.0539265805254776,0.9508291385955773
87,0.8598606884988356,0.6871432384236527
88,0.6178464114077038,0.5636822197468201
89,0.5108420108957428,0.4650592131948954
90,0.28997836072921923,0.2661777792745568
91,0.24279873686054854,0.22487717821077582
92,0.20832807393881467,0.861403691249312
93,0.7783486075870595,0.6970645401760527
94,0.6303681415663173,0.5664058530904242
95,0.5102698533868314,0.08534096331216626
96,0.08226309986345587,0.0807806860546483
97,0.07848844850768412,0.07707902078262267
98,0.11047990667996971,0.10473757389648607
99,0.10008548034295325,0.09550501715349383
100,0.0913841832475626,0.08807777301846348
101,0.06085107573372484,0.06028500348748049
102,0.060110222987551504,0.059602910997201865
103,0.05947880204480546,0.11704900537294205
104,0.10381868447519893,0.09550730044998443
105,0.08715805493826076,0.08155859866508659
106,0.07342433817133903,0.06880056312587877
107,0.06680593675734911,0.06318126352382095
108,0.06198975880059273,0.05954505828665908
109,0.09967725456241214,0.0906832627796843
110,0.08353651616116403,0.07813834240199245
111,0.07281202316242014,0.06105891547460928
112,0.060179822715217005,0.05903569728638787
113,0.05853145912230251,0.05759247536003076
114,0.057057468260302814,0.05614568117287648
115,0.05564557756306081,0.05497849257921836
116,0.054517827123848395,0.054114774640500046
117,0.055879253733132864,0.055052151946383465
118,0.05441415356276923,0.05381845979210857
119,0.05365567652191097,0.059979597618456414
120,0.05841506970488908,0.057229168586776076
121,0.05664008038001293,0.05535320217687416
122,0.0546433856650193,0.0552732607109515
123,0.054368844441334926,0.05338512910952839
124,0.052744740465993915,0.05207176815784289
125,0.05168474599418828,0.050847718284209545
126,0.05067682467668448,0.05034888443851301
127,0.04998351762109868,0.06910400971617164
128,0.06448524464054203,0.06076193200387445
129,0.05810563725165053,0.0553580633313023
130,0.053852920548595085,0.05557302866202096
131,0.053791673039735866,0.05270510532895322
132,0.0516127646889793,0.050771055848364936
133,0.09671818291595714,0.08608334666070129
134,0.07840421266202185,0.07102831465816026
135,0.06590149735248749,0.06137764346165138
136,0.057979828445388085,0.05513843958970928
137,0.053225764846915546,0.050999660333338484
138,0.049708324107811834,0.06554545320297503
139,0.06117357235588919,0.05792902408050855
140,0.054962011120635805,0.052957320706345484
141,0.05109962532004336,0.049633781178791136
142,0.049192678007453,0.04753017814846798
143,0.04703940247012521,0.04613772483043194
144,0.08533448031012891,0.0755990760965482
145,0.06855252203316062,0.06286426569263359
146,0.05845282317557843,0.26892299780488577
147,0.22578351203176467,0.18740077271851766
148,0.16034658486828712,0.13524062842762796
149,0.06536955060308589,0.06159961065083666
150,0.05692491053995467,0.0545132303675369
151,0.05147336465315852,0.04987303007842941
152,0.09608463083472812,0.08510055049882044
153,0.07549853766507761,0.068184318936964
154,0.061981233292369986,0.04934306706904166
155,0.04745557009370052,0.0456853618098893
156,0.044297853471390966,0.04326284779022753
157,0.09504819259213848,0.08492712498542238
158,0.0756961611686221,0.06880855076538119
159,0.06290833031062575,0.05851529956643235
160,0.04319106330923228,0.04249446003637607
161,0.04220402242048747,0.04136307384779399
162,0.04079897195807168,0.04028707332724425
163,0.04014470241975618,0.03949710945669997
164,0.03950620619090139,0.03892911794317597
165,0.1288994302302063,0.10912257806768835
166,0.09495624997037969,0.08169853407150941
167,0.07170831397615748,0.06444539199959845
168,0.1298460906788128,0.11060672332995351
169,0.09634276292526911,0.08411675048642334
170,0.07561958354718451,2.900111911794064
171,2.3294737667094134,1.861288188174268
172,1.496011214007559,1.199705411456082
173,0.9653405322289218,0.2576442204857262
174,0.21205374968580276,0.17838135456914872
175,0.14967726498914474,0.12785264464205423
176,0.5803658035623456,0.46791095048954623
177,0.3774628117796581,0.3093625352581247
178,0.25463392785336453,0.04143925662886957
179,0.04079231347632693,0.03997572148958299
180,0.03947683881884904,0.038960699053512314
181,0.03861761444549479,0.07206768781369448
182,0.06411988187604742,0.0589490541772231
183,0.05427277689431745,0.050435025808677765
184,0.42216310697484427,0.3449898340300115
185,0.2823491507569257,0.23421913623867063
186,0.19644201963172664,0.16348880236759822
187,0.18277619568457915,0.15350316470707392
188,0.1283001105045114,0.11063776203977561
189,0.0940846526291634,0.09371166438799033
190,0.08153423425018214,0.07189099920697906
191,0.06420896435859277,0.05794645892027199
192,0.04176227242240599,0.04003701453889641
193,0.039171790719514536,0.03805317404279182
194,0.037241869687142166,0.3052718679492452
195,0.2531995295637198,0.2081729198868591
196,0.17336869895894536,0.14637922455550684
197,0.125057292850056,0.1396853952500265
198,0.11811710997565522,0.10175455460490557
199,0.08809237011269164,0.07733533509289842
200,0.30047372682155526,0.24439100194500923
201,0.20218715997929693,0.18271810706438063
202,0.1667220888901904,0.051184918334361666
203,0.048944764721029585,0.0473695910420925
204,0.045114099398321984,0.04433352979046691
205,0.04301367124215394,0.2033439367515002
206,0.18794915331808187,0.1700512151585731
207,0.15696639466965556,0.14326164564697536
208,0.14099354446297585,0.13003335730611665
209,0.11950078278102533,0.11041186886592161
210,0.10099255684443895,0.09465610407235903
211,0.08711374635830918,0.08196252063747161
212,0.0761902239769415,0.0717304218005061
213,0.06776117839398944,0.15522273977124773
214,0.14408922168446925,0.13080961664922763
215,0.12256694768947371,0.11111349734833413
216,0.06978997165530504,0.0647561008761635
217,0.06206220830757565,0.05776150193351885
218,0.05572978994145083,0.05213026017258443
219,0.1121727983323198,0.10500701324488013
220,0.09629036605127858,0.09008383321175613
221,0.08265255244469966,0.07192176894371233
222,0.06673009915093928,0.06342587267362561
223,0.059559410625847145,0.05653591417870715
224,0.06896068712762804,0.06532857660293419
225,0.06132733266115062,0.057910829054828736
226,0.053851668648310244,0.05197406308279059
227,0.06232358841913807,0.05897454421742085
228,0.05552816665763054,0.05314578154393482
229,0.050548218600877076,0.090838370959445
230,0.08587671833420726,0.07869060589496193
231,0.07494774729644932,0.06887312301975089
232,0.042575006953143965,0.041768741751767854
233,0.0401986135288412,0.03919719319131891
234,0.037526996748265005,0.046584051817581684
235,0.044632610422926024,0.04310747654192726
236,0.04088693480776627,0.0402998958942907
237,0.03860677116863408,0.034396342559701656
238,0.03406675295785153,0.033147481240804
239,0.03290956612823171,0.03212598615619036
240,0.12875501094208797,0.1188939624972275
241,0.10873381134923335,0.10144217301217315
242,0.09266842793633276,0.03232840669838168
243,0.03162045866988225,0.0315377873032625
244,0.03086646473139429,0.030874572332049217
245,0.03021553112503819,0.10867491737861587
246,0.10155321678819308,0.09248532258949466
247,0.08670329152818741,0.07947873549711965
248,0.05877758072972255,0.05606265894269453
249,0.05304418712807227,0.0506494595229053
250,0.047860825085801674,0.053930245565915566
251,0.0508121523434252,0.04878660416259481
252,0.04594744867199705,0.04464450910974818
253,0.04232001914186764,0.07293576391266501
254,0.06928383554419225,0.06399713972272651
255,0.06123883073517736,0.05679142442902888
256,0.059451544788423974,0.05689849170330117
257,0.05341013207696357,0.05115060974830872
258,0.04785938212441634,0.6659890341909522
259,0.603458423479198,0.5417862788776762
260,0.4882134607238176,0.4420027164314365
261,0.3981557731475139,0.07994171421375046
262,0.07377668667456438,0.06960035361424077
263,0.06475464355699906,0.06124226139869851
264,0.20333988954421278,0.18584117500667363
265,0.1692527799677108,0.1544439036062687
266,0.14233704814226972,0.03404776369017841
267,0.03308529479287995,0.03268045850219986
268,0.03201494992112613,0.031561570946882195
269,0.030915342325648958,0.060336041930435125
270,0.05695938291217696,0.053494979206423085
271,0.051124993647146136,0.047965645707168325
272,0.19350222987150434,0.17776047750727134
273,0.16188487507060093,0.14834418646441566
274,0.13468054348164113,0.12477942273807864
275,0.032766548109452016,0.031943368283579465
276,0.031117511817420975,0.030847314949048507
277,0.030394555389532223,0.041209420708268565
278,0.03994896177191619,0.03820551464219833
279,0.03739332000319456,0.035774151195116954
280,0.04185668119387302,0.040625149212546674
281,0.0390592883674823,0.03777553562796657
282,0.036224077733486855,0.03548444669222879
283,0.027170688368781424,0.02714279814668588
284,0.026678265376947344,0.02688284363545303
285,0.02660037028320456,0.02710752513494446
286,0.02714718765829944,0.026849281111977544
287,0.026727545861846464,0.026629390616719616
288,0.05676823323550359,0.05398752350749583
289,0.05114001866464958,0.04862974413821887
290,0.04659906285233774,0.0442903800229761
291,0.030640855151635994,0.03001821852832756
292,0.029433254517823304,0.029144171822139377
293,0.028732071796118183,0.03834318607264236
294,0.03678974019729192,0.03564915140801883
295,0.03440465072614676,0.03348141108149126
296,0.14825193668575587,0.13435862666139195
297,0.12522807636804173,0.11309340627154948
298,0.10462815331638428,0.09601348949764488
299,0.11026578813845575,0.10076577447815
300,0.09320735533535181,0.0856348200009867
301,0.07996674650259027,0.0517667580529335
302,0.0487144973271431,0.048120240801227024
303,0.04597217118170505,0.044934108397882366
304,0.09142988074085627,0.08504049836867994
305,0.08221643814134616,0.07668562667424864
306,0.07439407684063874,0.0694562432943101
307,0.12319027776472549,0.11797067589093589
308,0.11005890730467398,0.10521061758661032
309,0.09902004977381341,0.07878694902780442
310,0.07623115975745212,0.07134420121503962
311,0.0692196467519531,0.06488956498527225
312,0.7176619870139511,0.6689536552589903
313,0.6244077596540951,0.5832839210530532
314,0.543035149625768,0.04643673918819215
315,0.044172816668525086,0.04345389218373559
316,0.04128066917970785,0.0408738064190248
317,0.039063838720462526,0.05602599204509576
318,0.05249422925922141,0.05170050007102377
319,0.048650118265830086,0.04794378440086484
320,0.05156170897778916,0.05085793719151466
321,0.04816241691287777,0.04720118459622752
322,0.04472961606773325,0.033117638673228915
323,0.031938728580230086,0.03189726887041591
324,0.030926435149933658,0.03082887731077707
325,0.030157402464070827,0.08117187995989039
326,0.07654808547480066,0.07360133998224302
327,0.06924359921710597,0.06706439772908847
328,0.08496658227770301,0.0804053380602897
329,0.0775843523646258,0.07279868466450412
330,0.07036031279889707,0.08130008762221427
331,0.07864722902540455,0.07358373204858813
332,0.0718299633685775,0.06687529238850565
333,0.06517383005053509,2.120056742139065
334,1.9761558058773572,1.84047182134869
335,1.7157950037626537,1.5981293338057483
336,0.3137692235996918,0.2938297787498581
337,0.27511098863473704,0.2573870632739307
338,0.24156476012647074,0.08484116603809719
339,0.08025885524306271,0.0765775230030526
340,0.0718854231142284,0.06943104246846377
341,0.2135217958116967,0.20064542975068644
342,0.18843679382237594,0.17738631668655191
343,0.16731799683184895,0.15719419517923866
344,0.08164352629026052,0.0762325424617598
345,0.07428437011076267,0.06909064541723227
346,0.06690266913602871,0.2919852825637521
347,0.27111692481078725,0.255636415668766
348,0.23997219284380356,0.22409184282461236
349,0.2751280004188511,0.2586467196104491
350,0.24114281433011794,0.22697506967976197
351,0.21089164239922525,0.19955559537160944
352,0.07362599446298124,0.07160810030936939
353,0.06766083025754013,0.06513532457868815
354,0.060991978349635205,0.04741332645847281
355,0.044856059707468435,0.044122318798109135
356,0.042082751497184434,0.0412508246978705
357,0.04998671026709812,0.048375263272411054
358,0.046251154507712625,0.044771787340571634
359,0.04320413758229697,0.04163660189925676
360,0.12171614158235441,0.11582693470472219
361,0.10794400281279132,0.10324407809725814
362,0.09740063290610257,0.0918493440206731
363,0.08803100933537089,0.08259277306284359
364,0.07991343038346882,0.07453743033608926
365,0.14021527439678877,0.13226703534691117
366,0.12397717199634198,0.1173465976302486
367,0.11079761659865489,0.10438598132897876
368,0.04150786756598694,0.04092489308782202
369,0.03884790133512902,0.038397011280939176
370,0.036853374524847965,0.03357623966885187
371,0.03218267907409743,0.031988059312541436
372,0.030678434288398542,0.030612839747133844
373,0.3058914263526584,0.28345826955998144
374,0.2670701241966466,0.24892953966892897
375,0.23362270171360608,0.20522578665063299
376,0.19330036752303925,0.1810843890141565
377,0.17113170018168253,0.16011507933944508
378,0.15097325020357,0.5433326427575809
379,0.5094485057881544,0.4741659855022763
380,0.4414235243011224,0.4143233112573116
381,0.11693605242580524,0.11126865127072863
382,0.10519807192052365,0.0992084535075255
383,0.09379182868612577,0.0887552850888362
384,0.083993328307373,0.0796928270173645
385,0.07535326003823983,0.07185097401890109
386,0.06819510515071259,0.07012264385707737
387,0.06620863610013708,0.0636030238951639
388,0.06093055766678928,0.05791950342273296
389,0.044244582203107015,0.04348217336004211
390,0.04169703551164722,0.04052410927624277
391,0.0388418427102084,0.13066601766271918
392,0.12340448038688422,0.11584567342960789
393,0.10958694619581336,0.10300486218308594
394,0.09648733691606275,0.03447274908648275
395,0.03289746269063876,0.032705608688778746
396,0.031176034903839453,0.031161102574690125
397,0.023451813374992164,0.023326568446120084
398,0.02286098330233236,0.022973054822541618
399,0.022481728711649128,0.13830417912468973
400,0.1329843679983883,0.12277074561335577
401,0.117666148254813,0.11090949015602859
402,0.10774522076637594,0.03104263875875931
403,0.029998996945715443,0.030033240269665674
404,0.029128115722441915,0.029116335605988135
405,0.0357344211440328,0.03565129080547934
406,0.0342270422224092,0.03414166223935665
407,0.03294470410777013,0.09017374512086013
408,0.08817841421699923,0.08316095039766175
409,0.08110637544620546,0.07685913510350749
410,0.07565195534011453,0.12247983989545662
411,0.11688683452586593,0.1120951378347908
412,0.1078786068391836,0.10272454243118302
413,0.028853055493196583,0.028808789036714973
414,0.02787269729308198,0.027995058438496298
415,0.027571386371939833,0.027255414581849793
416,0.026613718690337927,0.02659437571635513
417,0.025994381908469602,0.02599693994304641
418,0.028086146824046053,0.02792825355805819
419,0.027258108139614958,0.02716973237772563
420,0.026433354443518603,0.02648581210908665
421,0.1193902483731973,0.11311869135023989
422,0.10831269183142186,0.10385605124427985
423,0.1009668318723509,0.11782024413170929
424,0.11218895955492383,0.10783460530995917
425,0.10348448639902683,0.09884069898827853
426,0.09496953215797563,0.0907522766401215
427,0.08640948905882889,0.08350502489396594
428,0.08009232609810923,0.07697399763661805
429,0.03548033524375562,0.035345110210691616
430,0.03400607569631582,0.03382860364272651
431,0.032576413534579685,0.04169428474766569
432,0.03958909017336612,0.039546296262270644
433,0.037776047950083116,0.03760698760706589
434,0.0722436638985401,0.06942125380564834
435,0.06679675669770099,0.06426878626872198
436,0.06249524132998745,0.08779671548273099
437,0.08405682169779138,0.08074783802568335
438,0.0778465715539608,0.0743975008573253
439,0.07139088776113964,0.12223821950329541
440,0.11827783405038769,0.11195913955012522
441,0.10721350845166885,0.10273576295285466
442,0.08932634890652423,0.08541416456176647
443,0.08138724036282766,0.07859420287433479
444,0.18174390325129128,0.17084590862807458
445,0.16378843395652565,0.15572882690887757
446,0.14878837922638316,0.08941825172484169
447,0.08618343440343673,0.08222926860582339
448,0.07895233942451059,0.07578316745174035
449,0.44012646923378596,0.417122027243942
450,0.39752379904565227,0.3772395039267724
451,0.359305432446159,0.34138311333100724
452,0.03109373205658763,0.030862335159591067
453,0.030052495295221554,0.02973362709463706
454,0.02881789134650173,0.12051975042862796
455,0.11628544990023602,0.11043289881914548
456,0.10704861508214378,0.10134215497104468
457,0.04397670056344462,0.043391017819744554
458,0.04146786731167856,0.04100290015940839
459,0.03905432516599178,0.03886223246948418
460,0.04779096916378041,0.047671150049205406
461,0.045113521234411716,0.04487375360744611
462,0.04274387388726622,0.10438749196690814
463,0.09908132544164619,0.09564756873500262
464,0.09123835948171921,0.0877829249295064
465,0.0242002953190481,0.024165872756439197
466,0.023455227195811983,0.02368256031819959
467,0.023225124286689006,0.12138752848763192
468,0.11641605390021763,0.11078751446392285
469,0.10567444472793765,0.10128660465656467
470,0.09689061481293473,0.06129733420842155
471,0.05887756086014221,0.05689722665702922
472,0.054300119424251655,0.052959573360644996
473,0.18974496453971457,0.17999736006850403
474,0.1723943700329632,0.16389255720788784
475,0.15720491170116646,0.06986426102939153
476,0.06659215772251548,0.0646069932498696
477,0.06149190760056987,0.05988972105769862
478,0.031390365093104,0.031248737952433353
479,0.03012947453740608,0.030006522443753455
480,0.028929407740472403,0.06138671335513358
481,0.05938511013136534,0.05698971837438063
482,0.05420834646050314,0.05306615715869871
483,0.05113767241509585,0.04951572842762182
484,0.04765996800216678,0.0463258753792953
485,0.044460127960269095,0.043456084921707466
486,0.03784225569816209,0.03693975207565726
487,0.03580573789477581,0.034997421371540285
488,0.03427400316977084,0.04832336785522352
489,0.04601492799404488,0.045348325804624626
490,0.04378811609463013,0.042656763044860026
491,0.040881688433878766,0.020025787915961747
492,0.020117875769968447,0.019836518972447825
493,0.019642420007035765,0.01966861316296073
494,0.020620467552927207,0.02050604924969215
495,0.02018489478484212,0.020282199055263354
496,0.019994330687423928,0.02770416149699008
497,0.02721267159101296,0.026769818546802052
498,0.02608287317355485,0.02593817677517616
499,0.02521980139681283,0.025190650325241266
500,0.02493902133304243,0.024510666243095305
501,0.023656650341571495,0.023965050736145774
502,0.02354082347774908,0.023519792322933865
503,0.023318380369134584,0.023108206418230956
504,0.023132967028565894,0.024013917937967838
505,0.023661787736938993,0.02356137178351957
506,0.022949852521825034,0.023143163688909306
507,0.021865327572885524,0.021838662838303595
508,0.021979491515456535,0.021553887430773928
509,0.021279262358062958,0.02129593329015074
510,0.803587075355297,0.7693742359160447
511,0.7386142019063318,0.7086125256364066
512,0.6823366880511257,0.12231053050829371
513,0.11994769627619373,0.11389609011604676
514,0.11080740411379303,0.10617792816401148
515,0.024977110833737957,0.02507435478105656
516,0.024699072660770885,0.024534437582449227
517,0.023721604856617173,0.027185900713669463
518,0.02645729119643918,0.026461788224067053
519,0.02588769488531259,0.025796068354410034
520,0.6527885709695028,0.6254008761354982
521,0.5995658359133859,0.5762863817045432
522,0.5539449591552112,0.2689445859176483
523,0.2587931239577512,0.24875713699098606
524,0.23851737090892194,0.2302221570313674
525,0.0530196592997848,0.052388046070435734
526,0.05115796246979232,0.04956716607735376
527,0.047643116584982784,0.046999303984050375
528,0.04526279712025928,0.04446664390597295
529,0.04312144888888819,0.04234228859330163
530,0.041368071075194954,0.09778176731305276
531,0.09626900697149422,0.09134790358707158
532,0.0904782230654797,0.06345345407712324
533,0.062469520488600466,0.059733550428292134
534,0.05937291492504938,0.056308921043387215
535,0.0904736995464337,0.08852913940394544
536,0.08442309008060747,0.08288320327956025
537,0.07908798714739285,0.051921559603204215
538,0.049907948377291296,0.04925855731959776
539,0.04724545129440612,0.04681503619184525
540,0.04496611421954946,0.46197319089668243
541,0.44305448521002977,0.42616110421245357
542,0.410715579631993,0.3932165546899346
543,0.08366250046527518,0.08121145894087023
544,0.07911507390324772,0.07603796083652196
545,0.07293048587070797,0.07130922124287634
546,0.0685181945810397,0.06696289337849208
547,0.06371490703563551,0.062985083647729
548,0.06618976690610764,0.06437172522404408
549,0.062239774830898646,0.06056186162821069
550,0.05879510528137713,0.04627346368146434
551,0.05121689022002946,0.04996948802473733
552,0.04835392105507248,0.047321426308115616
553,0.04260590426123774,0.04242691031406713
554,0.04088393852396719,0.04046229314666358
555,0.039272180694204045,0.03864802904992786
556,0.04100891986038359,0.039977439321425834
557,0.03931718992552563,0.03816654837101886
558,0.03767097564722432,0.037445533819641184
559,0.03632731993371209,0.035834760743261446
560,0.034470214376044285,0.03435868196879957
561,0.2893096392436044,0.27831981133241546
562,0.2699578307693493,0.25734049527750913
563,0.2495517178085493,0.049023891505966845
564,0.04726600159640848,0.046474437051660884
565,0.04478191491597366,0.04412783399222016
566,0.042951529803714306,0.04175343394730413
567,0.04071552968177023,0.03979574472612743
568,0.03869761716842991,0.03799622945841734
569,0.03721755966066348,0.03670063599595333
570,0.03577395090710777,0.03513745631796111
571,0.034144364563235864,0.0881901331596554
572,0.0862780421222269,0.08246061042742361
573,0.08073443331334118,0.07719161989326406
574,0.07619917962363529,0.037774529844832413
575,0.0369439487342271,0.036120370517386396
576,0.03543578853672946,0.03459057584604465
577,0.045985261524669696,0.045445466656465455
578,0.043538010060067384,0.04324616766407202
579,0.04144772298766486,0.029755486588541876
580,0.028992711714440417,0.028778422577170656
581,0.028288708928393417,0.027873981876962918
582,0.10569131250104209,0.10087655224331157
583,0.09944804558331374,0.09410609271631187
584,0.09301658246726831,0.08787995916888967
585,0.11574241406714615,0.11066767339913759
586,0.10683977645364263,0.103207728740345
587,0.09966863103970719,0.15965451009461332
588,0.15262013852234715,0.14799023542110598
589,0.14196695310766194,0.137261520142544
590,2.6374566579953838,2.530573622583509
591,2.4267932122141147,2.3270500383627755
592,2.232887698906156,2.139951963446937
593,0.10255177449568068,0.10071809081638303
594,0.0967394024173587,0.09398358973554619
595,0.08965573235159802,0.2473784646698742
596,0.23756949680787348,0.22861248593955752
597,0.2200564005346094,0.21136399012582213
598,0.07077841575205188,0.06957624392535665
599,0.06730562473327724,0.06530839007417166
600,0.0626691111623604,0.1967456474313854
601,0.1899897217807322,0.18317553010757504
602,0.17810211912880608,0.17173879471751577
603,0.16635321446493506,0.050892176557314525
604,0.049493514049092455,0.04857820755551165
605,0.047820552216359585,0.04640888525346814
606,0.04074869985360863,0.040127116533877794
607,0.03914858298199316,0.03855031299742331
608,0.03707446780513633,0.05019634323060794
609,0.04868665288698791,0.04791184484583849
610,0.04703851208099924,0.04577102462154587
611,0.044046105012132616,0.04299257772817036
612,0.042348711943331056,0.041201195394265464
613,0.04050045280195508,0.03952807097390386
614,0.02928217075514685,0.029290159028069845
615,0.028571557170994216,0.028447331901793358
616,0.027749166607663953,0.027662599442265325
617,0.027107608123424862,0.026928443601401734
618,0.02645440137965452,0.026241305923523275
619,0.024253848601394793,0.024353847707054274
620,0.024051939767820538,0.023850548270966675
621,0.023501296526228847,0.14757706411419905
622,0.1423425548376291,0.13856492331736459
623,0.13393702959124268,0.1301636797933498
624,0.09440620527066569,0.09152737861303573
625,0.08901932619034275,0.08637784074603089
626,0.08405906554455572,0.08158393143505613
627,0.019701649698123,0.019783940755461367
628,0.019372459520566983,0.01957795835792405
629,0.0192762321081733,0.018177634132226297
630,0.01800273270627664,0.018081987622098318
631,0.017906807563716477,0.01799294936387827
632,0.8496479123551922,0.822569187492234
633,0.7933074531327975,0.7679613902818377
634,0.7422981304193887,0.12208519367679319
635,0.11850236638349324,0.11482384476729743
636,0.11080851400066682,0.1080673284018363
637,0.10416426609734651,0.10177510591556274
638,0.09793357321954366,0.09591964537338638
639,0.09246702152966775,0.09045933550126392
640,0.09414666751884898,0.09096006819285338
641,0.0896799099242463,0.08592738955904242
642,0.0850312555850184,0.35323546922851334
643,0.3404032072645302,0.33057707869056474
644,0.3200745837806819,0.3094296113713554
645,0.024839917245868485,0.025064201670657163
646,0.024608358776705103,0.02451602147477131
647,0.023862333957246747,0.02401026448750397
648,0.017218610516995143,0.017012198369229972
649,0.016987896314528947,0.016985234371430978
650,0.01693207022892699,0.028101674021515213
651,0.0277378903443732,0.02731831467337915
652,0.026788696700050824,0.0265908123494649
653,0.027362108629768005,0.027140596737689475
654,0.02681026282127242,0.026403044821910537
655,0.02565471189842066,0.01911465085057691
656,0.019292040222541957,0.01893776181508954
657,0.01903093959730079,0.01877105591495319
658,0.0191560553624658,0.1521449772452163
659,0.14672923642263053,0.14283804351133417
660,0.13808186637135972,0.13415575113211783
661,0.1293811351517713,0.12607147201197988
662,0.12280810722432207,0.11851667341844839
663,0.11531416797926262,0.022007528823440446
664,0.021673624738854504,0.02161170681271264
665,0.021275705121296618,0.02123947933549635
666,0.02105513629306847,0.020892105508464442
667,0.020619394545321374,0.020569679078936226
668,0.020378465851580756,0.020266312849024637
669,0.01873880996540991,0.018793216191235255
670,0.018551719271780905,0.018627994659179338
671,0.018242230380744774,0.021617714573408303
672,0.02133550728657869,0.021246332843122703
673,0.02085962883145618,0.020899813586004755
674,0.01981818520384318,0.020037003329223015
675,0.01976749753223968,0.019778142404721602
676,0.019432499279095895,0.019537257005146212
677,0.01908027006495848,0.019310071555085136
678,0.018961188317961924,0.019099994142233512
679,0.018558564337070156,0.7219723162698813
680,0.6971912474729973,0.6742053672712496
681,0.6533063723240088,0.629645669289719
682,0.023632678057354563,0.023405980730405458
683,0.022910726265194428,0.022922509251440355
684,0.022475455566176084,0.10866561152513687
685,0.10643575425515509,0.10239961850857787
686,0.10098424096805303,0.0965459390773377
687,0.1482682515000044,0.1443925924601521
688,0.14052314912955538,0.13554662088472513
689,0.1303475634379646,0.12688284995270885
690,0.12343590609213474,0.11925860880461692
691,0.11520415492685711,0.11217091674251572
692,0.1084816587934283,0.02195001070407335
693,0.021606607032375706,0.021530683578839818
694,0.020965853436215327,0.021138291179404745
695,0.01988644022416884,0.019743214681444094
696,0.019526939164991895,0.01947914204331625
697,0.019214776772071354,0.016904483835664955
698,0.016771174235583275,0.01683628446113403
699,0.016859000956981934,0.016772544811588005
700,0.024335416267694254,0.024576390192890447
701,0.023696659296447067,0.024029846021356382
702,0.023425962640423896,0.020965757679942566
703,0.020524189084580986,0.020674207509272055
704,0.02006987473123987,0.020399606859718096
705,0.019995781345635975,0.10218450385552111
706,0.1014833764273872,0.09715248720501994
707,0.09644435681447577,0.0924127259940032
708,0.03605347954531777,0.03611781699517186
709,0.03560245921646581,0.03495698637226915
710,0.03377469524672201,0.03386813458385175
711,0.12928173618265448,0.12533347763213376
712,0.12414698891844472,0.1189758926968406
713,0.11743129092446145,0.09507085330914954
714,0.09134505978527338,0.09047807589889106
715,0.08856353903601827,0.0861345285734384
716,0.0643225936940201,0.06338787508961669
717,0.06150846544945742,0.06064995906430068
718,0.05876109286896158,0.024743212917608066
719,0.0242795653974942,0.024243950447321642
720,0.02378037022957589,0.023772730830223486
721,0.023317804073899856,0.3004502245166618
722,0.29422895037965713,0.2839521606676084
723,0.2802250839096486,0.26838425410604994
724,0.030010092373632738,0.030322503787875776
725,0.029120741265584563,0.02950760069371723
726,0.028453875376617498,0.028738161087224566
727,0.026606185682759464,0.0267416762024781
728,0.025677431668252624,0.02612754955432193
729,0.025576077793924207,0.025446154937409492
730,0.02536046365226341,0.02485688425569458
731,0.0244757917759632,0.024307091224417352
732,0.025346205563742417,0.02552056866582547
733,0.024997598038264582,0.02495492626076488
734,0.024556291530583245,0.024421479738051033
735,0.027066671908160034,0.02734356143487432
736,0.026828796744307343,0.026662680295707536
737,0.025836773156328492,4.3599960387183145
738,4.221949004665009,4.106076264457663
739,3.984835705294383,3.8669481533740853
740,0.18127219011866233,0.17390383393155381
741,0.16967973881413503,0.16472869892161757
742,0.16210077296549996,0.15606694090081202
743,0.052054386692130285,0.05103079089946305
744,0.05028204678749634,0.04890704657980696
745,0.04826448109104634,0.046341157710600406
746,0.0451141829377115,0.04449061447678559
747,0.04337625688589437,0.04274682732644167
748,0.21519934013297345,0.2079671378719104
749,0.20521644226716212,0.19678005410509358
750,0.1932823005812742,0.18625612948105194
751,0.04450157531436791,0.0438237882209663
752,0.043334994792702,0.04211326358741327
753,0.04144969938155182,0.06890744879521846
754,0.06761640631581436,0.06569953730638634
755,0.06489734357722736,0.06267484995969114
756,0.06185186196233922,0.05987837182823481
757,0.05833308953265229,0.05722376446451586
758,0.05573983768409284,0.05472555830311114
759,0.020710093908728057,0.020210061766253937
760,0.020251584194383075,0.01988574889606651
761,0.01998976828234183,0.19515474840467095
762,0.19186576539482245,0.18471797974762555
763,0.18184893967811255,0.1748847655898624
764,0.18645357348857108,0.18069734345734856
765,0.17809222873478536,0.17109090771224522
766,0.1675623212432979,0.1478272263231556
767,0.1449904046995048,0.14014624763993128
768,0.1365586289356733,0.13292427867907097
769,0.1295934228868817,0.12611791599264124
770,0.12493861137789103,0.11968007662487312
771,0.11835751372839409,0.11361999023532694
772,0.47478151714473726,0.4603481155936463
773,0.44911107364189745,0.4345530448915982
774,0.4266420687869099,0.12498780417711298
775,0.12115156439327568,0.11854153252322738
776,0.11534364617942602,0.11246688720135783
777,0.10844344286640606,0.08475196039669058
778,0.08273912542289949,0.08066758854882197
779,0.0773955966964642,0.07684170185338755
780,0.07529068137685152,0.07228653168688005
781,0.07179086627569986,0.0689686848186456
782,0.06783895370815313,0.05895129886198716
783,0.05734309284855642,0.05641617632341868
784,0.05656356788665916,0.05400708658999423
785,0.054077894445796096,0.09172405516801094
786,0.08863000150800349,0.08724408509403218
787,0.08413294729571291,0.08302603183416196
788,0.048736071083177596,0.048644327479724095
789,0.04646930054938765,0.04670875031129654
790,0.04461095702266181,0.40282121955434896
791,0.39564979317194127,0.38032280920207706
792,0.37333558025717856,0.3591378623199438
793,0.3516805145122187,0.0857788741492721
794,0.08408243243735333,0.08169482238768719
795,0.0807762757791843,0.07783929126107623
796,0.043943317652939407,0.044288118184918304
797,0.04247656199410389,0.042610768504904764
798,0.040883236782180185,0.12705823765084037
799,0.12371899883052566,0.12058528095308318
800,0.11803176237123983,0.11448344525289929
801,0.11285287578815964,0.058409114098521835
802,0.05821939170511054,0.056215694141975914
803,0.055760110472103275,0.05413753788533168
804,0.14664953399591174,0.14425383296197933
805,0.14011614824009394,0.13759602443548913
806,0.133206729260763,0.050419780932380864
807,0.04826363488703888,0.048623846563779015
808,0.04679745373315641,0.04691828067761704
809,0.04537732881845667,0.04579427427431998
810,0.04364596246292163,0.04424458061288747
811,0.042373153292554484,0.04277153884342379
812,0.13886554967141515,0.13735409208989263
813,0.13439571940773865,0.131038286562
814,0.127746989500032,0.1317294037568164
815,0.12819332079349421,0.12569864781092133
816,0.12297589068580757,0.11996596288846512
817,0.11690105802991095,0.09070230869834722
818,0.08970949442662438,0.0868495519159377
819,0.08553664159921412,0.08319636492746688
820,0.04675829555032546,0.04686065111910681
821,0.04485309331854326,0.045248759512066916
822,0.043417647731490254,0.04769676769565254
823,0.04605082959053146,0.04603824285247097
824,0.0444407001946483,0.0444659534847231
825,0.03147574745235948,0.03178046590316938
826,0.030740062389197118,0.030926986993410822
827,0.03783017807402478,0.03819840372138055
828,0.03646772892378047,0.03702220266999396
829,0.02813049816533133,0.02833172957937477
830,0.027433565938094175,0.027654475900043246
831,0.026553861439418052,0.027013345094794937
832,0.022336125997915256,0.022810402567664936
833,0.022047761678209425,0.022409915739121756
834,0.1295096144968898,0.12719381188123421
835,0.1236095638392162,0.12145487380715705
836,0.11744816229615093,0.09769870121129226
837,0.09557792650710664,0.09340128278557536
838,0.09063605794915375,0.08933332742762473
839,0.0967334767047004,0.09523609908689673
840,0.09347587391001386,0.09108125904315995
841,0.0887708058278795,0.2733631906457139
842,0.267621513019858,0.260247085267462
843,0.2543908852144049,0.24780537533103922
844,0.11552215625730747,0.11364237152562734
845,0.11104311340272882,0.10852286473943004
846,0.10597486956276804,0.119035925388886
847,0.11794175007371893,0.11372962293919818
848,0.11341014033786126,0.1086851133142715
849,0.09892211245123175,0.09548736822339232
850,0.09344684133789857,0.09139693781975734
851,0.08977301949298827,0.07520501570134222
852,0.07480296537137657,0.07208675998271716
853,0.07165624958810081,0.06913139948867611
854,0.08054071628631741,0.07915325035541167
855,0.07711962262683941,0.07587803908038393
856,0.07356742295322759,0.0727724171158215
857,0.47149203355915137,0.45840606528449906
858,0.4466998112902155,0.4357872430625379
859,0.42306446530064057,0.03253226378743437
860,0.03131308139295971,0.03164938305172879
861,0.030526695688478843,0.03081161928204338
862,0.04129463652087355,0.04097422752110063
863,0.03970033917395159,0.03963840029747816
864,0.038581149770320525,0.0804315827497741
865,0.07918961818321685,0.07710161396599884
866,0.07647659275298989,0.07393467497717683
867,0.04694561246354447,0.046772712527977975
868,0.044763888045679025,0.04514878938555894
869,0.044121725486385835,2.9328308042790363
870,2.85770533758057,2.783729161026492
871,2.7183066476953925,2.642162579522012
872,2.576157773526239,0.04736643279236989
873,0.04758157139488933,0.04570470188105542
874,0.045801070103779616,0.044127245315008695
875,0.09663181474016241,0.09532647704728656
876,0.09265099581805653,0.09119771019242491
877,0.08881662410467066,0.06736072494152386
878,0.06467530166397714,0.06467582586293766
879,0.06280679554274396,0.062117452411263915
880,0.08108028234257918,0.07798661974831249
881,0.07757712274089629,0.07475290923469374
882,0.07392708704501318,0.04695159890268081
883,0.04708680679585554,0.04532269356158178
884,0.04554253694005892,0.04377602360872641
885,0.26425776465146333,0.25914296560493855
886,0.25117952335785926,0.2465575622297284
887,0.24042150689077219,0.07897905090110764
888,0.07774730249111228,0.0756455784631711
889,0.07356179230744785,0.0724968402998924
890,0.2049865671759136,0.2004586188558883
891,0.1946724906884114,0.1909163687421213
892,0.18643548871262466,0.1818460325519628
893,2.802095111753548,2.7229395464482646
894,2.652896955269758,2.5843590370849396
895,2.5181182892283687,0.2635757086064314
896,0.25628936066505353,0.25080861936577803
897,0.2440692877669141,0.2386928695390837
898,2.389084288321496,2.3226669864908427
899,2.263720698018056,2.204451005897339
900,2.1535078728013732,0.05487502406839795
901,0.054943754257261376,0.0529307487319709
902,0.05279527179463467,0.05118922139372585
903,0.337153429679405,0.3309557737848774
904,0.32299141037288037,0.3164764583861419
905,0.30813003224862523,1.682112038075868
906,1.6423701115619918,1.6060956521815495
907,1.5676654117818378,1.533548327993469
908,2.2548196633062956,2.20358779114661
909,2.155730200164465,2.103649430476438
910,2.055248720562822,2.008293211566588
911,0.23070067319680856,0.22697137622604072
912,0.22102836899990835,0.2172956102830914
913,0.21006336131005096,0.6655990560334615
914,0.6463943218391683,0.6358241163293148
915,0.620871714461938,0.6073684942120313
916,0.17414257407139913,0.17162997391083706
917,0.16728198048988385,0.16445776031934922
918,0.15976559684856523,0.4579545047825349
919,0.44447477861545387,0.43767153628194183
920,0.425915043068294,0.418300798607079
921,0.28276906723671125,0.2768471168384583
922,0.26835646294282534,0.26481465736604237
923,0.25793067334369973,0.0744143594498955
924,0.07191780923006708,0.07169779951039197
925,0.06968246690127758,0.06440980694194015
926,0.06410631649449974,0.062138395392332124
927,0.06202647765101845,0.10828109955892737
928,0.10458085383211241,0.10401668874946249
929,0.10021483891783556,0.0999457225693945
930,0.08058620595233276,0.08064578828997732
931,0.07806685036053894,0.07765327647805881
932,0.07520006780277201,0.08988193942766251
933,0.08762302314193321,0.08643944565868542
934,0.08383430058304915,0.08315855896595639
935,0.08117353906499464,0.08002220506915247
936,0.07763593792892129,0.07703239284702358
937,0.07466255341997216,0.07417935561463974
938,0.05604477651067285,0.05372340793424134
939,0.05362809189346693,0.051952223752798427
940,0.05263242913181649,0.07686230180189943
941,0.07527426579062373,0.07400802641528491
942,0.07209472331260733,0.07128771857937999
943,2.2632280413321126,2.2070623728463494
944,2.1559909915498547,2.107242415426501
945,2.059239923086767,0.35241607276486975
946,0.34480080005092484,0.3368830200627999
947,0.329964252347384,0.3220587800815134
948,0.0878642683236957,0.08774511851995788
949,0.08518303616126022,0.08442481241826183
950,0.0822202666473173,0.08125257845887249
951,0.27700420831721373,0.27126296542855405
952,0.2667036308364671,0.2594549520279721
953,0.254414586408813,0.1470011271503436
954,0.14485908434779454,0.1410109013499346
955,0.13872216223928038,0.1352970596409505
956,0.23758276109909754,0.2341775653782584
957,0.22798659757355366,0.22409826625537382
958,0.21855214708562043,0.1879327588418557
959,0.18428777000931756,0.17995515829505732
960,0.17649149386127655,0.17234303396062162
961,0.0526414517415672,0.05297602819399845
962,0.05146243815229369,0.05122088181806138
963,0.04938275540872705,2.5450497983231366
964,2.490828120307391,2.4296633291711736
965,2.3773170546178717,2.319530848884129
966,0.025344755710272796,0.024567779542944625
967,0.02476101994600855,0.02412430094973686
968,0.024167438143704513,0.04815049520259365
969,0.04858971796762725,0.046618034925278926
970,0.0467555517553617,0.04515680065310394
971,0.04540937229811966,0.12640005009088406
972,0.12322880242287634,0.12126070042314373
973,0.11663426099140058,0.11637633865914462
974,0.17256863783898077,0.16892486772899926
975,0.16515194265594518,0.1617977959943312
976,0.1569692935911943,0.03739939132912408
977,0.0359151953416252,0.036380944373451296
978,0.03500542614635148,0.03540645889013464
979,0.2946519206439615,0.2864761446410342
980,0.27832758375596667,0.27396696654704944
981,0.26770075646600416,0.2033562186593404
982,0.19909190379611294,0.19468478394605426
983,0.18984136062086637,0.18641718901280038
984,0.06928561618051134,0.06813199843132173
985,0.0663760329660053,0.06567502591779265
986,0.06317032399624976,0.0652178666225406
987,0.06298792079405838,0.06292094800578955
988,0.06092455238297652,0.06072405082513378
989,0.14452314084902687,0.14222346974703962
990,0.13913822988740032,0.13633224341260175
991,0.13344174262888248,0.13070811458522805
992,0.14903078502857453,0.1464953194820352
993,0.1421015649286661,0.14041714790734378
994,0.13718721059430133,0.5873949026451741
995,0.5764418610186763,0.5613398926028261
996,0.5479425940059677,0.5365036570921566
997,0.05083563354093645,0.05100810130574009
998,0.04961030635046576,0.04935234470629006
999,0.047656497918118955,0.15230707647347996
1000,0.1493585755932859,0.14594629187664815
1001,0.1437342210054447,0.1401685514259521
1002,0.023720991363596764,0.023785937556199264
1003,0.02314062032679547,0.023400293393107622
1004,0.0228948401745673,0.052088966254999446
1005,0.05145457835250558,0.050498458281593335
1006,0.04947883482343994,0.04897860590901891
1007,0.048253330607954406,0.021689330994218818
1008,0.02109017856523878,0.02138672314999285
1009,0.020800189725206676,0.0210964695136319
1010,0.12758900264337242,0.12598022397946784
1011,0.12250516281863563,0.12139479904463676
1012,0.11840866454877566,0.022022687898387176
1013,0.02153735324990109,0.021707317115851138
1014,0.021283799460114057,0.02140283165369361
1015,0.1508511377465897,0.14839606410780914
1016,0.1441235524838329,0.1428261252456284
1017,0.13811260853376198,0.13749224147715836
1018,0.13387697813436172,0.13236852112507622
1019,0.12958867201557928,0.1274472850443547
1020,0.0666611875659939,0.06635471483688475
1021,0.06505890561676755,0.06422298521568724
1022,0.06253725026468487,0.06218499647197624
1023,2.7235131284833005,2.6677163894103897
1024,2.6160890930446654,2.5586862873587455
1025,2.5081283936888346,0.07819095749003079
1026,0.07680262968816477,0.07552877597940535
1027,0.07402624701311106,0.07297795360358855
1028,0.253112722343621,0.2468899225950078
1029,0.24280509292249355,0.2372071312690234
1030,0.23209746837560036,0.028057722530496557
1031,0.027780055547922698,0.02746672919780266
1032,0.027087626347704688,0.02690055378642635
1033,0.03345325570792369,0.033178802698293965
1034,0.0333994218483626,0.032372027341149655
1035,0.03234884777638339,0.134892452729173
1036,0.1325008832674761,0.12987730150070684
1037,0.12754459704598903,0.12506757679923675
1038,0.12310330828109112,0.13204563370502434
1039,0.1307581794674355,0.12722827236781942
1040,0.1261939108529004,0.1226044234963285
1041,0.05126807624720667,0.05070305942053645
1042,0.04959401735181096,0.049164726761907404
1043,0.04756099626279511,0.14364662914063386
1044,0.14047146521894943,0.1382593941801311
1045,0.1357092774357883,0.13308967900060104
1046,0.026781622691362403,0.026690379701433172
1047,0.025933275785836894,0.02616138476537829
1048,0.02584423039542879,0.016470797573733466
1049,0.01646722239875758,0.016369926435527683
1050,0.016299614368849975,0.016274201218826244
1051,0.09837497633443792,0.09528983989549841
1052,0.09444711418966326,0.09196131469917707
1053,0.09177532247820061,0.16958247726985573
1054,0.16591697458566138,0.16312059474576432
1055,0.16009458350502043,0.1569190027636084
1056,0.1537362977733696,0.1509765473906
1057,0.14841381855563737,0.14527510176392322
1058,0.1424063982955851,0.13981145211603582
1059,0.14935703863514074,0.1459267664770939
1060,0.14354198475842453,0.14054281920215717
1061,0.13967947275922418,0.3628518755844877
1062,0.35653232155234915,0.34861032733454456
1063,0.3408795529472944,0.3349666278878022
1064,0.11148596937405518,0.1096583124210268
1065,0.10694308805024841,0.10569290258428668
1066,0.10372469156338684,0.1553880392576292
1067,0.15286268239226256,0.14950369142912034
1068,0.1473702825881871,0.14385768553955636
1069,0.7415060741321544,0.7270985465886848
1070,0.7138319274296112,0.6978358685355024
1071,0.6819590394284957,0.03205672451304849
1072,0.031158979567177957,0.031298415132751986
1073,0.030405243602655792,0.030572260874373064
1074,0.030047489150044245,0.04079298632470167
1075,0.04017618850220981,0.039663654453066
1076,0.038740547162451955,0.03858645280094998
1077,0.038485997419932014,0.038219773459772136
1078,0.03724802693233667,0.03719219080914035
1079,0.03647771483369029,0.040555818185462604
1080,0.039597159013748974,0.039435324723844846
1081,0.038651628791498055,0.03835707693653105
1082,0.10590548040141412,0.10309856197585925
1083,0.10331528028729697,0.09943612461858468
1084,0.09912790135681443,0.4721248865988258
1085,0.46676286290679786,0.45340424227162274
1086,0.4470763750392598,0.4354579011167311
1087,0.3461511912906852,0.3379104944624052
1088,0.3327283069689645,0.32469414884987624
1089,0.32063541558832365,0.0652267555108775
1090,0.06594252289145533,0.06311288594011624
1091,0.06355259253901988,0.061088306778885965
1092,0.08399302173673318,0.08062588827348657
1093,0.08080258185401344,0.07789186316714032
1094,0.07839761794769705,0.07526496091026205
1095,0.16000656706354696,0.15792487659868057
1096,0.15310870890800715,0.1519820646885387
1097,0.14881109894211095,0.06907189711782857
1098,0.0683964775623384,0.06682002979710018
1099,0.06628187005792865,0.0646588544997133
1100,0.14778718950165895,0.14512425070573284
1101,0.14154655166719127,0.13994793530552857
1102,0.13708087515174722,0.19342007820535828
1103,0.18863540439719145,0.1866645463850672
1104,0.1835831566380644,0.18014503494281695
1105,0.041018145130232046,0.039877391582279056
1106,0.04011733349535011,0.038891256832490416
1107,0.03937899201292355,0.06339078291021794
1108,0.06120995656787298,0.06152517502157531
1109,0.05937186204494682,0.05972852045930661
1110,0.04952418854398259,0.04947976677758136
1111,0.04853511397220965,0.04812633675377743
1112,0.062062668148116416,0.06000099393529776
1113,0.05930969710272972,0.05827824968235075
1114,0.048611576174336035,0.04917240502205733
1115,0.04743511774270005,0.047852718968621484
1116,0.04626054232139311,0.0465806392435249
1117,0.04502658964115139,0.045356463505177406
1118,0.043491391667193284,0.046638308423451354
1119,0.04497557852699984,0.0453981869315742
1120,0.04417595734269755,0.044199481784853445
1121,0.07597293209089198,0.07529570215464174
1122,0.07503742583817516,0.07300699734286584
1123,0.0720888144348304,0.17761742224434068
1124,0.17333897165865692,0.171435483333081
1125,0.16718776796178444,0.165486725582786
1126,0.1233825468598278,0.12252504848485277
1127,0.11957642985427203,0.11842860644254885
1128,0.11451228207864554,0.11449575519267646
1129,3.301606757515472,3.239629241189368
1130,3.1806122855854353,3.1190641034432507
1131,3.0665913090136705,0.052160307088066835
1132,0.05157642139964566,0.050711192524853566
1133,0.04917988451836833,0.04932664472364838
1134,2.5673521645171786,2.5202752143436546
1135,2.4720730009035727,2.4265173277529195
1136,2.3772010172291016,0.053516769943388345
1137,0.05146403456652911,0.052045050519364
1138,0.05067386099151567,0.050620807431478204
1139,0.04386236253416642,0.042579850514112116
1140,0.04271647540784744,0.04148688725858489
1141,0.04166430829598429,0.06831709109627532
1142,0.06586021958506613,0.06627801707110706
1143,0.06445318915295598,0.06430810506201351
1144,0.07257287035834353,0.07250185020909106
1145,0.07066769002644285,0.07031483995827423
1146,0.06805039168426821,5.364979879934339
1147,5.265078727672285,5.165029776409269
1148,5.059780161531649,4.972700339030311
1149,4.873770590193587,0.04088147298653107
1150,0.03978293912735427,0.039833772707712545
1151,0.03849452162293117,0.03882627658897367
1152,0.12710590714562991,0.12470433779719628
1153,0.12174404161518143,0.1205477748113371
1154,0.11796987357572977,0.0217437973524034
1155,0.021055302692387635,0.021429427903166376
1156,0.020967020952292838,0.02112650303246045
1157,0.1276901414129148,0.12374199813177711
1158,0.1224094190068082,0.11964878887504825
1159,0.11929504064764328,0.10694187961145013
1160,0.10512266890940758,0.10340214759237784
1161,0.10128751196035313,0.10000091141701485
1162,0.1519521637236018,0.14926337053140878
1163,0.14670403077568983,0.144118726740927
1164,0.14137673029746234,0.1327122066406729
1165,0.13177269614449952,0.12827763238487527
1166,0.1277836460599913,0.12400445277723485
1167,0.12275648706661937,0.2439312481926708
1168,0.23738782073791015,0.2352849395988868
1169,0.2298410616047446,0.2269515971203365
1170,0.08480347194355452,0.08400108376293192
1171,0.08263880037199323,0.08132225251530072
1172,0.08019160555009319,0.07714008984511543
1173,0.0759285262276654,0.07472576104046211
1174,0.0729836927541809,0.0724053805326671
1175,0.02140538376332707,0.021512952078337366
1176,0.020949411633311328,0.02119407346818742
1177,0.020910293395060474,0.21270244563773205
1178,0.20982766026890895,0.20530277059751648
1179,0.20422770913391342,0.19816234821480563
1180,0.04477508435430627,0.04400497587891694
1181,0.043584029826576956,0.042863322339793286
1182,0.04240333501996434,0.14734191236247152
1183,0.14506572622098354,0.14236888948331006
1184,0.14132916165443393,0.13757044970979085
1185,0.09136248648985515,0.09122861464031776
1186,0.08945759122825389,0.08828027861547236
1187,0.08675950868294315,0.0854411405131573
1188,0.1117734338734499,0.10818561945193028
1189,0.10663105572363638,0.10466155387148199
1190,0.10367918983937699,0.4259785946263172
1191,0.4214856444274881,0.41064333321501395
1192,0.4068584106882086,0.3958731816886919
1193,0.25680602051484674,0.25311461649507405
1194,0.2480618055040253,0.2440984539236693
1195,0.23948061565324477,0.12983056202901863
1196,0.12640295692688136,0.12545312898864897
1197,0.12305514835308126,0.12122888545115765
1198,0.25242155783325737,0.24852765946819144
1199,0.24273142174485138,0.23968823780308104
1200,0.23476591726503254,0.21189908149074752
1201,0.20733625390631952,0.2047249310453828
1202,0.2004193518558161,0.19810745692051007
1203,0.020360921111330324,0.020813574617912212
1204,0.02028987611348188,0.020548592282998174
1205,0.019951730563090544,0.044804556786008615
1206,0.04304020414312314,0.043726335317725365
1207,0.04192488756460498,0.042683294855356116
1208,0.04122768352120486,0.020225042101490422
1209,0.019718508819969113,0.01997871962890624
1210,0.019402109170576963,0.019740427144954997
1211,0.018680410659142305,0.01903262160266992
1212,0.018756764837685732,0.01881781452625112
1213,0.01821673771903223,0.0201703977361941
1214,0.01974796718776122,0.01992671133866542
1215,0.01939632054009011,0.019689809606943276
1216,0.04989613087525871,0.049989524811673756
1217,0.04884388366215143,0.04871257457577583
1218,0.046998878513456195,0.1173109939982186
1219,0.1145299796872489,0.11373827809211119
1220,0.11117204136645567,0.11028709077055729
1221,0.022137013845878024,0.022289753725561978
1222,0.021638218279596975,0.021970845173257723
1223,0.02138336734303439,0.024499432821460297
1224,0.023796511617833065,0.024109962006777834
1225,0.02437838012623333,0.024881755119309137
1226,0.023856794831682716,0.024480111127720066
1227,0.02381363472436092,0.04863006836060621
1228,0.047598063775743035,0.04739609991930127
1229,0.16693972877247149,0.16313443390957094
1230,0.16185876611483077,0.1580203508752431
1231,0.15770410421922823,0.023119320878588062
1232,0.022734946853015768,0.022775372618438344
1233,0.022089181192943355,0.041011848815965674
1234,0.03986989055673279,0.040049710824239484
1235,0.039236418941222595,0.03911728356353948
1236,0.9192754675627095,0.9048578887163103
1237,0.8884244398089053,0.874277799293804
1238,0.8578320650994355,0.07049580115625662
1239,0.06848217564631087,0.06853252128264191
1240,0.06703961577232408,0.06663481649748913
1241,0.01830494003866084,0.0186574636501494
1242,0.018337323013678002,0.018458363740270354
1243,0.018168468999176086,0.08338582701274021
1244,0.08146047059204208,0.08096320891266123
1245,0.079221206621834,0.07862125340847695
1246,0.12994697290702498,0.12884214569314656
1247,0.1266497385737465,0.1248852144828391
1248,0.11910636627270338,0.11784074825959007
1249,0.11534922084614387,0.11424792796033671
1250,0.11191314436278695,0.07624548972971835
1251,0.07442605145144947,0.07408982755507917
1252,0.07270446393030813,0.07200518061884917
1253,0.07046149199279156,0.2424272596872617
1254,0.24073462134856158,0.23460630828492113
1255,0.23352774560951162,0.22705040364993143
1256,0.08138522792685089,0.08015103279797958
1257,0.07848853198191885,0.07782885865903778
1258,0.07645654665917831,0.6522158710837522
1259,0.6434652953896502,0.6301152586315095
1260,0.6202957832861662,0.6087932330426854
1261,0.1599154517761195,0.1558158608446804
1262,0.1546331171890233,0.15095093022447725
1263,0.1505347191243693,0.016296301513582478
1264,0.015921035765722062,0.016179803967668847
1265,0.016100353045972196,0.01606586193341319
1266,0.46218991765327094,0.45043179511250997
1267,0.4452545848811016,0.4355303770663444
1268,0.4296737823560498,0.019644780092866788
1269,0.019107706222413652,0.019420641386674313
1270,0.018748318134022317,0.019202087126362
1271,0.11909551433259251,0.11649515191203713
1272,0.11670254035002639,0.11296232654937274
1273,0.11264325526046601,0.021984635723514105
1274,0.021534893168372184,0.021673791294891685
1275,0.020848120815983487,0.021376451618856894
1276,0.020837243924445158,0.10625666377259929
1277,0.10534872496746324,0.10308139583541977
1278,0.10323037343799382,0.1000066565049515
1279,0.10376481671779833,0.10041526497473656
1280,0.09974353888572149,0.09743987368902582
1281,0.09709918768376671,0.11823842767828077
1282,0.11603438131004165,0.1145979858698391
1283,0.1134407051864458,0.11107391132151778
1284,0.10741890989945568,0.10498430053866133
1285,0.10493952799347842,0.10184383072778333
1286,0.10267293788543626,0.23370696441128025
1287,0.22940094818017648,0.22609534044581203
1288,0.22223562422724227,0.21874274920822556
1289,0.3784640359716839,0.3717597954987776
1290,0.3664427388475846,0.3593201015371854
1291,0.35334618085224595,0.48146722562129973
1292,0.4752836881436015,0.4654809231816054
1293,0.45975255766098394,0.4500409181193289
1294,0.1045330957205437,0.1035201903281118
1295,0.10161694802553523,0.10038691064051304
1296,0.09876388076259826,0.09735936768083771
1297,0.04485893492009225,0.04545050223510278
1298,0.04404589218717855,0.04434218111887462
1299,0.0428105644991534,0.0994497183599728
1300,0.09857948054187422,0.09643720832215313
1301,0.09460864365856589,0.09364639831621191
1302,0.09134857284815745,0.0905044332838964
1303,0.08846898868358279,0.08801689906301417
1304,0.1325688331513062,0.1313093025059314
1305,0.12975584680998437,0.1275082428167757
1306,0.08017669261606607,0.07977252069869442
1307,0.07810461587877002,0.07762451273891297
1308,0.07631800947136791,0.060958487258872415
1309,0.05963289839275143,0.059416539708340405
1310,0.05813949444698727,0.05792247129516187
1311,0.024620407710700558,0.025143066083260467
1312,0.02440133400886591,0.024749446830701884
1313,0.024027106935336086,0.020429984576139378
1314,0.020027850381093122,0.020183012428558557
1315,0.01956867628768799,0.01994627690100467
1316,0.021575789181278685,0.022050899315965718
1317,0.02142890408666427,0.02176007341014876
1318,0.021205492105606853,0.08595659537432133
1319,0.08623837165065588,0.08361799105733266
1320,0.08440720744621871,0.08134935271289388
1321,0.22661604263498275,0.22234959482370065
1322,0.2200032961533654,0.21575266793880915
1323,0.21288525141098358,0.10944234556651929
1324,0.10786203512020036,0.10633359275747153
1325,0.10450740763881985,0.10332752866731745
1326,0.09865284520053552,0.09678230356411466
1327,0.0947375576033254,0.09408880634417723
1328,0.09217656711750721,0.06738847414033608
1329,0.06555271895345219,0.06563961495050219
1330,0.06463557618270009,0.0639394606315449
1331,3.531795290241516,3.4763566560059176
1332,3.425782982147646,3.3667776678789028
1333,3.314677689694906,3.2606735663974993
1334,0.17943787575052506,0.17403724883359373
1335,0.1732681975692979,0.16894778951980938
1336,0.16808283476750677,0.04453684675767393
1337,0.0429801296103635,0.04354509807148262
1338,0.04211334318617295,0.031572204560499736
1339,0.030571449906103713,0.030982719958314982
1340,0.029743406516491204,0.08618167741157706
1341,0.08574377901739272,0.08387623490711774
1342,0.08302219942616718,0.08164673020434314
1343,0.05171258901335304,0.05181967276692721
1344,0.050830991897724755,0.05059291969287824
1345,0.049027825258355154,0.08774965792102243
1346,0.08501312574631702,0.08539037436488418
1347,0.08306018480788896,0.08310362573900046
1348,0.3994690718556199,0.39073336103664
1349,0.38589873920073076,0.378849676880888
1350,0.3749635797099739,0.36733583806460407
1351,0.04082489880476953,0.040833269432799794
1352,0.0394737120949997,0.03994684722014884
1353,0.09891555148819858,0.09623063911339935
1354,0.0949342349029712,0.0936127463449896
1355,0.09336654761776339,0.10172995795513487
1356,0.10056928141349203,0.09893270167999367
1357,0.0980990726051317,0.09622218390596224
1358,0.07088598916266534,0.07091263435826567
1359,0.06930511897252098,0.06908109177689326
1360,0.06712537449002434,0.06764472346265846
1361,0.06790297642587592,0.06591718424832047
1362,0.06660142669814054,0.06424080663960519
1363,0.07441436550794167,0.07243316955451169
1364,0.07287114943689177,0.07055063108584715
1365,0.11064874931598742,0.11049679995081724
1366,0.10771831859498451,0.10741751236535135
1367,0.3081833143613661,0.3050329198686944
1368,0.29973336695308,0.29574398833849036
1369,0.2902387099356244,0.04079281878528075
1370,0.0393065651269704,0.039918803270462384
1371,0.038551710481561766,0.039072356251314735
1372,0.1531070712216449,0.15132757292339483
1373,0.14877003859549215,0.14690520314787728
1374,0.14556302584150205,0.11835092310885323
1375,0.11689017457684639,0.11503181613399305
1376,0.1124943106435141,0.11182498807469099
1377,0.15679937203103456,0.15588558588755963
1378,0.15414045234484064,0.15130467361246008
1379,0.1491798067053574,0.11086154248390713
1380,0.10882010441046028,0.10773816714643368
1381,0.10655392861020731,0.10470472638002745
1382,0.09657805744232076,0.09565284348313506
1383,0.09329299994238313,0.09301275273977411
1384,0.0912936533936373,0.028702647872246606
1385,0.027586054415778723,0.028201032994055148
1386,0.02714350232456377,0.027715101625394388
1387,0.08229914029211949,0.082412364761521
1388,0.08098043505926636,0.08019684485168499
1389,0.07806701205893717,3.3251843322309997
1390,3.2692699768216347,3.220370873840506
1391,3.1709249359317937,3.1188326737308145
1392,0.16828497055230507,0.165653043200725
1393,0.16399820013151098,0.16076273997054707
1394,0.1588552050565287,0.11174961386603262
1395,0.10894984804773772,0.10863683614052067
1396,0.10667305112213835,0.12844617713508502
1397,0.12702876323995346,0.12480716919386131
1398,0.1245218056933779,0.051272063289743354
1399,0.04959361606993351,0.050055689461292976
1400,0.04819362947094479,0.04887802689852756
1401,0.32350578085595727,0.3201973063786973
1402,0.31631668107361594,0.31108776397771604
1403,0.3064843264849109,0.39461785725994125
1404,0.3873251150102652,0.38331931484490744
1405,0.3768954159733965,0.37234782336265243
1406,0.06156447676688631,0.06143651595302617
1407,0.05944641283589215,0.060014693704635066
1408,0.0583211897336097,0.37196060674829495
1409,0.3648756393169605,0.3613302389789141
1410,0.35487980803715213,0.3510095621050725
1411,0.02521459413887317,0.025587888807520914
1412,0.02446048666827176,0.02520241670849582
1413,0.024820839530477028,0.16555042864790626
1414,0.1628763061943032,0.1609998446619319
1415,0.1581984608789908,0.1565851665656181
1416,0.12318608567650244,0.12219358929428085
1417,0.11906867353674522,0.11895053859768702
1418,0.11644531241591898,0.24817555753448944
1419,0.245455656507102,0.2411758821349404
1420,0.23800868283208548,0.2343875927151765
1421,0.02572915127547696,0.026355975057200075
1422,0.025720911034449796,0.025950132421051278
1423,0.025055441952164918,0.027117358689000174
1424,0.026299710717002038,0.02667899634325531
1425,0.026187168749600205,0.026252055556654018
1426,0.0812963426111441,0.08029334260329928
1427,0.07977697245116495,0.07826509217556954
1428,0.07788868745465036,0.07455589747574193
1429,0.07346275259194869,0.07270873394139526
1430,0.07104196022634507,0.0709206870501144
1431,0.06348492784735436,0.06252241579266406
1432,0.06177145032037269,0.06102849647621954
1433,0.05926866309807627,0.014301998043840278
1434,0.014048437775700652,0.014243806192491798
1435,0.013966957741176981,0.014186778948594866
1436,0.16256345413866438,0.15946534398644402
1437,0.15834886577768018,0.15516792978949828
1438,0.15322213290719855,0.012788095251837424
1439,0.012675498811902514,0.01276996722968225
1440,0.012691611532168863,0.012751904742177793
1441,0.07300086318327648,0.07226558261663264
1442,0.07149780862535601,0.07047548442933739
1443,0.06956779909810351,0.19261040592361744
1444,0.19062609999463054,0.18724328755652658
1445,0.18471151066758845,0.18203939932097535
1446,0.11855947407141622,0.11748448057358564
1447,0.11569946159421957,0.11439433170874097
1448,0.11239908634897397,0.06652716102230538
1449,0.0661497903237316,0.064903730147106
1450,0.06434063232244375,0.0633302097836104
1451,0.06576652022113794,0.06560750614233431
1452,0.06461372524661926,0.06400917455425291
1453,0.06198663381936848,0.19292587124628485
1454,0.19000393067165763,0.1875623166352465
1455,0.1847535587779833,0.18235642228897103
1456,0.05116827204636244,0.0510877610245427
1457,0.050286319595129705,0.04993406616736121
1458,0.015129939730444904,0.015227665992838538
1459,0.015164821406538163,0.015137851676212812
1460,0.014703648435007564,0.27579579404780086
1461,0.2724598419638773,0.2680835547434721
1462,0.2651598950902302,0.2605974387472493
1463,0.2784393165829244,0.2723809059557063
1464,0.2692289989853014,0.2647741518784512
1465,0.03823618684516061,0.03864429907541321
1466,0.03722794831847232,0.03786950487328432
1467,0.024223377317044936,0.02445176970616335
1468,0.023987607168469656,0.02409655574067325
1469,0.023562920758577736,0.2606434297861091
1470,0.25893007370309207,0.25336452162935647
1471,0.25130192535711887,1.3419322074460323
1472,1.321576699430709,1.3028429854996861
1473,1.2821214794372142,1.264907837016832
1474,0.017267017480189256,0.017383030234173442
1475,0.017000744072803563,0.01723024110076063
1476,0.016756090017780764,0.0170836416075035
1477,0.016579608750090548,0.016941510313284967
1478,0.016390067994250496,0.019563521091502077
1479,0.019079021300039228,0.019350068366145272
1480,0.018982270502889878,0.0191391609355964
1481,0.23279494955984598,0.2286673535123594
1482,0.22504338656619188,0.22225671018603768
1483,0.21805627692774998,0.06754607476769464
1484,0.06681733192328043,0.06589590805352805
1485,0.06460922584379161,0.06429890358324529
1486,0.018228937310335126,0.01832475664462152
1487,0.01786150832360052,0.018139216354747724
1488,0.017974139870138975,0.014402077325714639
1489,0.0141717122768379,0.01433712193790792
1490,0.013922191179115067,0.014273513528239086
1491,0.03314318053570487,0.03362985689080991
1492,0.03252894568753958,0.033007336000652185
1493,0.031850434131841715,0.043124003879799255
1494,0.042052157872788695,0.04221097631473855
1495,0.041402816156692855,0.04132280392451147
1496,0.7826907161852563,0.7716880158259507
1497,0.7605894431633429,0.7494110901235764
1498,0.7393259238665584,0.14590238448451592
1499,0.14552613272908604,0.14199224647728415
1500,0.14163697552738913,0.1381948750528847
1501,0.10683755231854902,0.10523918527494325
1502,0.10410781152409462,0.10266256354736328
1503,0.10160964591762295,2.9975884395517727
1504,2.960657568071227,2.915651690086693
1505,2.8802875672842285,2.835954128673987
1506,0.040377596067182824,0.040800744239886444
1507,0.0393147938777406,0.04002705895172163
1508,0.038656195291335155,0.030103108159235576
1509,0.029070239610292876,0.029623424813893816
1510,0.02861180297401591,0.09569936898257994
1511,0.0939289928977941,0.09339934977262906
1512,0.09128006803853694,0.09116525668743941
1513,0.03022483400165827,0.03062621017552998
1514,0.02989283096186338,0.030122533533608845
1515,0.02961429697424632,0.02963243973656938
1516,0.33974359779959495,0.33477211683605806
1517,0.3301678056207842,0.32593382091040213
1518,0.0729069322149424,0.07252275740516541
1519,0.07117947629384863,0.07086438340519
1520,0.0701098200440629,0.06924786465083071
1521,0.1311423475238901,0.13080748162486736
1522,0.12834239875453132,0.12754199844509004
1523,0.125813285961262,0.02248393243559502
1524,0.02196466518238663,0.02219522151470138
1525,0.0218277759819048,0.016590536802202654
