1,1.7771806156392351,1.5964955999612296
2,1.434864144259878,1.300645183396175
3,1.1732252844715914,1.0594186019359433
4,0.9574765947815139,0.8628462324170973
5,0.7688326381823356,0.7032694043060501
6,0.6293945817264408,0.5730830581996311
7,0.5136553834572739,0.46695089685810814
8,0.41816894492994794,0.3805000322950758
9,0.3433679676317777,0.30992756653043646
10,0.27772415796483385,0.2525387955184075
11,0.22448938580624908,0.20586661870369305
12,0.18408867985154354,0.16776755178871453
13,0.14905557466135044,0.13677176648142847
14,0.12294037970368962,0.11142784669257633
15,0.10162275955541437,0.09071402917421292
16,0.08061283985770082,0.07395794525175975
17,0.06526894648268476,0.060317235643659
18,0.05373318189398367,0.049170632108705425
19,0.0444663582975376,0.04004720168222155
20,0.03548610322146168,0.03265320360007248
21,0.028575946361975815,0.026647704638314812
22,0.022674238540978053,0.021774918417568477
23,0.01929475828048565,0.017755766095384682
24,0.015536396693939088,0.014490185956046325
25,0.01293753791860544,0.01181137838188544
26,0.010446379514176391,0.009633162938091699
27,0.008578660543444132,0.007854733760576299
28,0.00724951864569878,0.006397680490759301
29,0.005594655662178132,0.0052219100081926165
30,0.004802649140562906,0.004256172766072902
31,0.0034694895508873775,0.003488720017355946
32,0.0032735289375862525,0.0028399423764541142
33,0.0022832483990498954,0.002333476583937036
34,0.002038800814540908,0.0019128516648458395
35,0.0015763399735111618,0.0015699755715057632
36,0.0013636460054959698,0.0012842777633764698
37,0.0011705053662690265,0.0010496819810698577
38,0.0010837413111495233,0.0008542168536518312
39,0.0006144674302789304,0.000705640408891504
40,0.000659217779894263,0.0005814110700441855
41,0.0005078920518301112,0.0004802222963536237
42,0.0005377651316360017,0.00039361753444049823
43,0.0005456111089609111,0.0003301732252687953
44,0.0003606563242111492,0.0002706109595221994
45,0.0003093734413427302,0.0002265523495344993
46,0.0003199975596478009,0.00018542064698460998
47,0.00013385457480982754,0.00015518927000951504
48,0.0002636910615117074,0.0001300410911118952
49,0.00011137870512299949,0.00011097395820174468
50,0.00010287627095312059,9.427074112421108e-05
51,0.00033666201002751744,8.376768758207033e-05
52,5.6747451813962014e-05,7.088550878679603e-05
53,0.00010496564880763347,6.209216784103155e-05
54,9.348909866443494e-05,5.547427611262845e-05
55,0.00017511152882393466,4.535507490831233e-05
56,0.00014016708956376422,3.9190663046101634e-05
57,8.78833599678759e-05,3.528802558618551e-05
58,5.835035318496299e-05,3.273011960309994e-05
59,0.0001504852953695704,2.7452739183835578e-05
60,0.0001304520399485444,2.596711253476943e-05
61,0.00010219778213838695,2.4798431200186392e-05
62,8.513493098144832e-05,2.461132372711363e-05
63,7.352495136096372e-05,2.268475228123083e-05
64,0.00019667794060377242,2.3242429034358278e-05
65,3.776659941342107e-05,2.095822635132552e-05
66,8.720070293284883e-05,1.9763401150796937e-05
67,0.00010594249474242819,2.009759917932415e-05
68,0.00014314483578017252,2.0955461293384643e-05
69,4.536544781906125e-05,2.0531675457603556e-05
70,8.512404065999095e-05,1.7313364725492648e-05
71,9.925002235542255e-05,1.8135161797517558e-05
72,8.000164202108902e-05,1.5896625652896155e-05
73,9.975613526359362e-05,1.6790793570566817e-05
74,2.140701873284067e-05,1.6137088817305657e-05
75,3.086004946153144e-05,1.587834542847722e-05
76,6.305060043049123e-05,1.539356007316712e-05
77,5.883685106045512e-05,1.6102512632962924e-05
78,4.718733387010146e-05,1.599407678439124e-05
79,3.4564362236072494e-05,1.5024372092820037e-05
80,5.9633247729485115e-05,1.450983787477503e-05
81,3.2309587905105896e-05,1.4519924542004774e-05
82,2.098791909026839e-05,1.3644121646756372e-05
83,0.0001645569851215261,1.5297113312324008e-05
84,0.00016609571899815946,1.7203736690946955e-05
85,9.374771268251848e-05,1.8310442987373006e-05
86,6.30975792222839e-05,1.7494084865009065e-05
87,6.119119094075482e-05,1.8191439270377833e-05
88,4.17148110699025e-05,1.6530450691354096e-05
89,0.00010090211299927174,1.7079222293563772e-05
90,0.00019499771898596156,1.6979236933846032e-05
91,1.4282985470457851e-05,1.580578826048102e-05
92,8.946821423615489e-05,1.6930390285195674e-05
93,5.2487798394188355e-05,1.7187515242526287e-05
94,2.9597115438497108e-05,1.540834001001416e-05
95,4.889654477487716e-05,1.5798993023864228e-05
96,4.781642018562146e-05,1.5860154046307998e-05
97,9.173737603359118e-05,1.5343362648302825e-05
98,9.969271857766195e-05,1.680225577327655e-05
99,3.651452630385344e-05,1.633882854325647e-05
100,8.173463659570329e-05,1.4925769167917347e-05
101,3.397252469570635e-05,1.640534784087085e-05
102,4.320518934716119e-05,1.7000531067560943e-05
103,0.00019482084040961083,2.1029971815134175e-05
104,0.00010392236388282648,2.4334514053949e-05
105,7.891735172746976e-05,2.522576516048007e-05
106,0.00015323318257931794,1.8508164273035644e-05
107,6.736638754019987e-05,1.9443270623718384e-05
108,5.714103708560769e-05,2.0275199208051908e-05
109,4.324849534887088e-05,1.9890281709867437e-05
110,0.00012337620557344704,2.3157463989499967e-05
111,0.00012231902588538676,2.5912354002661374e-05
112,0.00013294566212816714,2.5747560198187523e-05
113,4.020433720954517e-05,1.891393853061126e-05
114,9.220084900375772e-05,2.0269518550601776e-05
115,4.881115613789503e-05,2.0054619646203856e-05
116,7.567723909369612e-05,1.9176749090890704e-05
117,5.7877311433546054e-05,1.813004045769773e-05
118,0.0001883157062872587,2.3205709140728116e-05
119,0.00017702125824681504,1.9221862844828746e-05
120,0.00022054813938571086,2.5086914476469044e-05
121,5.368414728826325e-05,2.0127622856957494e-05
122,3.555005055328618e-05,1.8924923729801157e-05
123,9.086799514000375e-05,1.9620738861919776e-05
124,9.395176429158396e-05,2.2544055240729654e-05
125,6.913188411283527e-05,1.784523340499715e-05
126,0.00012789661166476139,2.1292825036487342e-05
127,5.0966009544155084e-05,1.9229795604548732e-05
128,0.00038044131903078424,1.995614634267378e-05
129,0.00010436619862685154,1.9929752801452114e-05
130,5.303492600785937e-05,2.043582045555065e-05
131,0.00011742349181390283,2.338916164993186e-05
132,7.950193494720827e-05,2.5016614351275516e-05
133,0.00018691097182865302,1.9233568899662317e-05
134,9.997197293793864e-05,1.956107115349415e-05
135,0.000207755361399889,2.19825341480058e-05
136,6.44225871491194e-05,2.1788855095226057e-05
137,7.390146631944581e-05,2.341990803473873e-05
138,0.00017848909428186036,2.5762466911143695e-05
139,0.00010041300986832748,2.8128078754190627e-05
140,3.698144616684775e-05,2.5787091778749533e-05
141,9.333738727248036e-05,2.8224760030264923e-05
142,2.9807436190265054e-05,2.3532035099958267e-05
143,5.175083793426864e-05,2.2231286336092235e-05
144,9.780100115093374e-05,2.4492372653397874e-05
145,3.2925326481068045e-05,2.172775988725665e-05
146,8.54708929889906e-05,1.878097009406535e-05
147,8.722764941923417e-05,1.9888069788874146e-05
148,3.446077309385558e-05,1.9193781030700632e-05
149,0.00010642560264677764,2.008598725383651e-05
150,0.00011228853146731363,2.1109599841315254e-05
151,0.0002124837786293374,2.5837338853142513e-05
152,0.00013552333350242413,2.9341461994633843e-05
153,2.6717498471937587e-05,2.5070709527715375e-05
154,8.432148555202775e-05,2.5421292257023344e-05
155,2.5786454964920644e-05,2.1579163223269113e-05
156,5.823759363212519e-05,2.2455885494288694e-05
157,5.109615202430771e-05,2.1885799251207587e-05
158,4.0788741402656854e-05,1.9836301684031026e-05
159,4.901127297607542e-05,1.8106896339643698e-05
160,2.9964414866791555e-05,1.6343519225761584e-05
161,6.39566405851584e-05,1.81289880488842e-05
162,7.326064743021845e-05,1.746050786200254e-05
163,0.0001903696042035014,2.163355764838667e-05
164,4.5753267496980194e-05,1.6260115164091266e-05
165,0.00019518686042188275,1.4615739868887488e-05
166,0.0001599567371353873,1.7650762680905642e-05
167,4.2020966178929676e-05,1.637858952500771e-05
168,3.216464167146262e-05,1.2906043696058912e-05
169,8.778260733308109e-05,1.2593457031964363e-05
170,5.63773916247732e-05,1.1418998591937498e-05
171,2.6980499671783387e-05,1.0358487428061597e-05
172,5.13674486395794e-05,1.0716687200168844e-05
173,8.189703377382807e-05,1.3221888411117165e-05
174,5.571154691124564e-05,1.2109002420974468e-05
175,9.222551067495694e-05,1.1644770775324305e-05
176,0.0001244995886643836,1.1815226021391268e-05
177,6.419664573643175e-05,1.3308141586444265e-05
178,0.00010004298011106364,1.4710410494912882e-05
179,2.4180691400408523e-05,1.3220979706715668e-05
180,0.0001477143641402323,1.71373644678727e-05
181,8.993236773933267e-05,2.006685454657055e-05
182,2.6116375128728494e-05,1.8911905301952133e-05
183,9.620059135952651e-05,2.057041087473424e-05
184,0.00011447561762756147,2.2368306809527477e-05
185,0.00013859007294431672,2.274451280557029e-05
186,8.740321160035797e-05,1.78519181011994e-05
187,8.175204517049653e-05,2.0276843951949253e-05
188,2.336922539485957e-05,1.8249823221655186e-05
189,4.1609501786246574e-05,1.7702441713866663e-05
190,3.03462162988471e-05,1.6192933647743444e-05
191,4.611456379565951e-05,1.5360669024599875e-05
192,0.0001728257106774928,1.9138750676794182e-05
193,4.559794635972076e-05,1.636780292365494e-05
194,5.1204217990779805e-05,1.5803017356198453e-05
195,0.00011054737579781956,1.315946779684637e-05
196,9.672656299430819e-05,1.3940547402466951e-05
197,7.215601014237048e-05,1.3762580856388573e-05
198,3.64114556664954e-05,1.152685664846363e-05
199,0.00011591318402620409,1.3290161084052398e-05
200,8.938622304538205e-05,1.5474851118205487e-05
201,8.369983937879256e-05,1.2528882525640108e-05
202,0.00013381634115916817,1.105581132196572e-05
203,4.901000574721807e-05,1.1416719765593278e-05
204,0.00012656287162118195,1.0934982342447842e-05
205,5.982922698821902e-05,1.0689275910282867e-05
206,0.0001506874633371203,1.1854097426116276e-05
207,1.8454410904943897e-05,1.1461134717817367e-05
208,9.678440890700064e-05,1.2203424802587238e-05
209,0.00013750848287980895,1.2764662717712013e-05
210,6.909282032308909e-05,1.3735826361353303e-05
211,5.169953351027984e-05,1.4298793775634613e-05
212,0.00012813479879816568,1.5024432161204712e-05
213,0.00014773886697695752,1.6220624370831828e-05
214,9.064505215433606e-05,1.7567617950476352e-05
215,0.00012258107108812147,1.9530623366596583e-05
216,0.00011494940948163453,1.7644388787071773e-05
217,5.5223779054091985e-05,1.759516625782592e-05
218,6.200659912647723e-05,1.7157408216522107e-05
219,4.434602754309369e-05,1.7248267225643294e-05
220,4.854865498954763e-05,1.76112430816499e-05
221,0.00010057807334783879,1.6284953613274526e-05
222,0.00024152602617759882,1.5640530928285466e-05
223,9.098939721026748e-05,1.3985662857027375e-05
224,7.654164686712903e-05,1.4770485297178412e-05
225,7.634228017840426e-05,1.5677789496175377e-05
226,0.00010921506691476586,1.563265628412477e-05
227,4.480208657803799e-05,1.5433688318495283e-05
228,3.955293920870357e-05,1.5148046971887674e-05
229,2.58677826916752e-05,1.4314640674885377e-05
230,0.00024409623432698535,1.3405000499501581e-05
231,3.936345767670725e-05,1.3165503144060653e-05
232,6.825866426761307e-05,1.3395484496385655e-05
233,0.00016045677089831042,1.3158920703703526e-05
234,0.00014035972561618452,1.2869086276671529e-05
235,6.0007664630046545e-05,1.3171534244410765e-05
236,0.00014373990664500057,1.3359912355417998e-05
237,5.572399629267089e-05,1.3844107050083592e-05
238,0.00010594298099219732,1.4363514189121641e-05
239,0.00011640969720190586,1.584797057640945e-05
240,2.9391164976911927e-05,1.5291690706165558e-05
241,8.56914023851798e-05,1.6193665254005524e-05
242,8.58622692380489e-05,1.7070922636409158e-05
243,0.00014079402054294595,1.8546850562379882e-05
244,0.00010675897774577379,1.9658524734312246e-05
245,3.685131623871467e-05,1.8973332400985944e-05
246,3.224377330126636e-05,1.833803347761248e-05
247,3.081126797592978e-05,1.7944501867491168e-05
248,6.060853360857888e-05,1.7584297768438016e-05
249,3.00180807024156e-05,1.6798965715023002e-05
250,9.06577414711953e-05,1.6604829311197747e-05
251,9.553081776865595e-05,1.6606950341590765e-05
252,4.725193756835211e-05,1.6520242981412925e-05
253,0.00019060308997678117,1.853315753382225e-05
254,0.00011736233646073788,1.914016126777227e-05
255,1.6528100698765205e-05,1.795240438268304e-05
256,9.938850246508593e-05,1.821146880503563e-05
257,0.00024092212613849393,1.716267996207177e-05
258,2.2794158426160224e-05,1.547150581000281e-05
259,0.00012153997369728609,1.597099039940423e-05
260,0.00018641864717198033,1.7787213920445446e-05
261,6.283870095098809e-05,1.68197099432376e-05
262,8.744171579155578e-05,1.4396938705258988e-05
263,8.595729315218184e-05,1.56304659815672e-05
264,7.483283956074129e-05,1.6610363502111497e-05
265,4.7605949303976474e-05,1.5225513265693721e-05
266,0.0001324201268127911,1.6301777044402576e-05
267,5.318940671054478e-05,1.614941832096289e-05
268,7.841359513262216e-05,1.4266342503560197e-05
269,4.870588941837871e-05,1.4599124896546168e-05
270,0.0001023433112467977,1.3489693718971698e-05
271,0.0001189420454508586,1.237883052035087e-05
272,0.00010596322566667124,1.3414110617655932e-05
273,0.0002464717122798662,1.4457807215920885e-05
274,7.191585160267876e-05,1.554713258649066e-05
275,0.00016322230443300656,1.7550848436170793e-05
276,7.925742219745894e-05,1.540207195261592e-05
277,0.00010227234626809228,1.6412085083713768e-05
278,2.6302889987903642e-05,1.552469677009968e-05
279,0.00023375586806729533,1.6627548325960614e-05
280,9.814210312866043e-05,1.7966076100625507e-05
281,0.00012166848479462232,1.8751372770302297e-05
282,8.1864144042548e-05,1.926871118696643e-05
283,6.905814145780844e-05,1.9800383933225707e-05
284,6.077628450408589e-05,1.6775615525854662e-05
285,5.570109922658006e-05,1.737281911196919e-05
286,0.00014592403454386773,1.4797374915141856e-05
287,6.224202120187727e-05,1.4354435687752716e-05
288,6.886425416140692e-05,1.495140852522045e-05
289,0.00016483391542527858,1.3231255500104307e-05
290,7.027425512452875e-05,1.1880201349755809e-05
291,0.00011538912151265786,1.3457546010200998e-05
292,7.264065104816171e-05,1.3051027065979013e-05
293,9.885815163934345e-05,1.4556148807948928e-05
294,2.3315115457311663e-05,1.42124860117154e-05
295,8.916679094865863e-05,1.5219481465062312e-05
296,0.0001361482905950026,1.527314195851622e-05
297,7.534060003944311e-05,1.5965346180802103e-05
298,1.8218918672106778e-05,1.4006601784079302e-05
299,7.799725120265013e-05,1.3470864807553807e-05
300,4.89308266172196e-05,1.3852703733545434e-05
301,5.2007939734942415e-05,1.3690629074869556e-05
302,6.647163902913911e-05,1.345103005276419e-05
303,3.75098057858141e-05,1.3409676526841617e-05
304,0.00010062023840020222,1.4468553555602987e-05
305,0.00013968582397279339,1.512693406995486e-05
306,6.957462729431825e-05,1.558653940811097e-05
307,0.00012070507773021971,1.518614884629827e-05
308,4.223255841196341e-05,1.4292776431961617e-05
309,0.00019924942758228905,1.4359553647349586e-05
310,9.91803364626369e-05,1.4714381409783084e-05
311,6.0404550343007263e-05,1.3974161617478007e-05
312,5.1381354884868076e-05,1.4062998180062046e-05
313,9.36303801741757e-05,1.4563984573107958e-05
314,0.00011886644363315027,1.485634130140078e-05
315,0.0002662112051905069,1.6213546363830394e-05
316,3.609258785777617e-05,1.5551025439962325e-05
317,0.00016984692439713227,1.6282519505712758e-05
318,2.637272159587775e-05,1.5346983227187044e-05
319,2.0338649558229572e-05,1.4963197135563138e-05
320,9.485195216662928e-05,1.5957358720232036e-05
321,0.00026381573426635104,1.6745038342967747e-05
322,6.20602177246937e-05,1.6235467637227325e-05
323,6.458206746295727e-05,1.6138534684460092e-05
324,0.00010458722346337306,1.654848140555521e-05
325,6.990817053971911e-05,1.5836020016951637e-05
326,7.142982014512942e-05,1.580439111622283e-05
327,5.570513565494966e-05,1.575900405623022e-05
328,0.00018078650593272597,1.4915979778747306e-05
329,0.00013196265043827657,1.5993631689228714e-05
330,0.0002898147970485382,1.7208484957800624e-05
331,0.00011852214865672997,1.8107359993849822e-05
332,6.441464732181736e-05,1.8483479209252404e-05
333,7.8090428954866e-05,1.8012584162907462e-05
334,8.469635698048013e-05,1.873535491533611e-05
335,5.801813224890623e-05,1.877170510944618e-05
336,4.218735073149297e-05,1.8768359393816547e-05
337,0.0001171444369534365,1.9752478665962278e-05
338,2.973275018722389e-05,1.885850261148912e-05
339,0.00011552383428299607,1.967297929982716e-05
340,1.8176202442777463e-05,1.8463645753661192e-05
341,6.066653177365688e-05,1.8385495167138786e-05
342,6.271863401806477e-05,1.6767141296903266e-05
343,3.3396919145376974e-05,1.6689108738217096e-05
344,7.74793181554628e-05,1.743003564806158e-05
345,7.874417747923913e-05,1.71998032779604e-05
346,2.385341988432121e-05,1.691046980745937e-05
347,0.00012137648150961748,1.628290355622512e-05
348,4.733487307539939e-05,1.6161690273415897e-05
349,9.799192626301314e-05,1.631392375780609e-05
350,6.904358537115514e-05,1.609135779450514e-05
351,3.477552629554705e-05,1.6007308713850108e-05
352,3.2678708813641036e-05,1.5730714244352037e-05
353,0.000129548800506731,1.4575373000616117e-05
354,3.158402051876971e-05,1.4307889684082047e-05
355,3.6862613032471907e-05,1.352091981480639e-05
356,0.0001325832754804981,1.4165756575519598e-05
357,2.735736205322283e-05,1.3770457523640314e-05
358,0.00010833577349120625,1.4418058616924035e-05
359,5.093315500794373e-05,1.3499551448943713e-05
360,6.412255884349288e-05,1.3326982884488548e-05
361,3.331613212271948e-05,1.2871724712350507e-05
362,9.868016679632547e-05,1.2504407019396197e-05
363,9.676372173044568e-05,1.1527922204401399e-05
364,6.08884369583747e-05,1.1743439577157137e-05
365,5.379825598303815e-05,1.2090583851170084e-05
366,6.56742315747265e-05,1.1158442510184634e-05
367,0.00010465426945555783,1.1920300151052678e-05
368,7.591985574178409e-05,1.242445070004137e-05
369,0.00016829878160472977,1.309591455421599e-05
370,1.4243238881192519e-05,1.2160742158552549e-05
371,5.764055275158511e-05,1.1903478513373539e-05
372,0.00012320033635928774,1.2438830071658432e-05
373,9.389913035782951e-05,1.3432916035255104e-05
374,7.867531240405908e-05,1.4103970383695765e-05
375,9.715042551383854e-05,1.3808167247160645e-05
376,0.00010370981694689446,1.3379905731912182e-05
377,0.00010936007740846066,1.4162804015331939e-05
378,5.490784980809808e-05,1.4623361309314545e-05
379,0.00015691063657495558,1.4821305126624265e-05
380,4.4739634387194855e-05,1.4561518570509418e-05
381,1.7587701788233696e-05,1.4047860773993456e-05
382,0.00012409756023423602,1.477996899709589e-05
383,4.230362365032022e-05,1.4694293531359436e-05
384,8.76012896080687e-05,1.5118944929054467e-05
385,6.038827281081676e-05,1.507952059404896e-05
386,7.82358807263683e-05,1.5016089702982323e-05
387,5.4281853467057976e-05,1.5452104223827384e-05
388,5.371137827113956e-05,1.5371240492933367e-05
389,6.793453825353043e-05,1.4907115665251756e-05
390,4.8396010186975845e-05,1.4572748232415166e-05
391,0.00013217947095313227,1.4947317855969871e-05
392,0.00029634329599641295,1.614896071640295e-05
393,6.204453047952893e-05,1.617173493921863e-05
394,7.044079078624712e-05,1.4598494760043602e-05
395,8.132038127144592e-05,1.545159432743364e-05
396,9.405916578401553e-05,1.634601150134347e-05
397,0.00010125513057195276,1.6771477273581743e-05
398,0.00010863265492939084,1.674547492372434e-05
399,3.8850874502946385e-05,1.6115602105654188e-05
400,8.129556861089925e-05,1.5077642495539403e-05
401,2.9445398958162188e-05,1.4691030085847595e-05
402,4.791920266445579e-05,1.4805979906773194e-05
403,7.372811082498613e-05,1.4872111306625837e-05
404,0.0001069620345412373,1.5233140302872576e-05
405,8.758061495485546e-05,1.591577114905423e-05
406,8.978522984090982e-05,1.5952988813282962e-05
407,5.132354817698701e-05,1.600386601324546e-05
408,5.203967779521028e-05,1.6247299066542915e-05
409,5.3006104670025794e-05,1.6295863226038734e-05
410,7.030104931367252e-05,1.6615552194268476e-05
411,3.962485980454329e-05,1.6000627194302315e-05
412,3.4243280537270935e-05,1.5785855292402307e-05
413,2.2644770052795745e-05,1.5400252686789517e-05
414,7.215091696686552e-05,1.5844759150654807e-05
415,9.408580870430131e-05,1.501584967561689e-05
416,4.567783861880905e-05,1.5076692094830001e-05
417,0.00021417448114468033,1.58491441740556e-05
418,2.6348993984300066e-05,1.533513144285826e-05
419,7.060507971770746e-05,1.539956761311066e-05
420,0.0003864263663264233,1.6230748674119748e-05
421,4.466652908725818e-05,1.5418107381676834e-05
422,6.70073069837967e-05,1.564729891885912e-05
423,0.00010308785743202227,1.630189761316041e-05
424,0.0001199256932240162,1.722579420361223e-05
425,0.00016824015996108038,1.7355004505376936e-05
426,0.00017834586777887605,1.6918900729190862e-05
427,0.0003038275838074179,1.7740746969555806e-05
428,6.103154454017556e-05,1.7897297226455e-05
429,5.094219695440667e-05,1.8047511476758105e-05
430,8.83171893779296e-05,1.7871524367701433e-05
431,4.2967410133052395e-05,1.7036007718483693e-05
432,7.742571065404817e-05,1.7555975977042538e-05
433,4.060835911228067e-05,1.755992826985247e-05
434,2.1968513917361422e-05,1.727673175688244e-05
435,3.299329015093518e-05,1.694158944147196e-05
436,0.00012277515768421054,1.702311633683021e-05
437,1.3557136726877764e-05,1.625747723207044e-05
438,3.9368300550580476e-05,1.5605379556486773e-05
439,8.429845351247105e-05,1.5305922013703413e-05
440,0.00011390201743901763,1.4975684409397348e-05
441,7.49581901503356e-05,1.536642250033336e-05
442,0.00010509429076750078,1.5354280125892316e-05
443,9.9195549512412e-05,1.6120447484160622e-05
444,2.3530819889174226e-05,1.5673353470203262e-05
445,3.8854050437581064e-05,1.5404545670526752e-05
446,3.4559222225521167e-05,1.5256661870131221e-05
447,8.941340659111349e-05,1.583921997608617e-05
448,7.440846046044284e-05,1.597544818157811e-05
449,8.000225870220316e-05,1.610309952461367e-05
450,0.00013618226416348757,1.6811350622640533e-05
451,2.9366762826351e-05,1.6474849571777215e-05
452,8.906598663992535e-05,1.6068082940743303e-05
453,0.00013197768983787007,1.6006435386184905e-05
454,4.506421881944896e-05,1.5002356181496562e-05
455,8.151886869243671e-05,1.4370345905596843e-05
456,7.873143122775383e-05,1.4839477292796626e-05
457,0.00022704989501536927,1.3809180797329147e-05
458,8.581266469323749e-05,1.4278860344448733e-05
459,3.8437766948065973e-05,1.4245195543245723e-05
460,9.233887272811682e-05,1.4937388150161646e-05
461,7.470760867484238e-05,1.5106124299205688e-05
462,0.00011953634270637302,1.5796485260491436e-05
463,0.00024113579211436543,1.6594537042691734e-05
464,5.139819894255747e-05,1.6535087705010013e-05
465,2.8993347348372624e-05,1.6249720572632005e-05
466,0.00010353973415049208,1.696449097483059e-05
467,6.0024132239641404e-05,1.70283829457101e-05
468,0.0002304013460132728,1.8108218048722324e-05
469,0.00010187704847320653,1.8888576617086618e-05
470,0.00013395618286511044,1.7436154172522798e-05
471,8.821152050824432e-05,1.7885627838010092e-05
472,5.369153152983158e-05,1.7370486201039713e-05
473,5.558834291474461e-05,1.736640888236905e-05
474,0.00017740750999551,1.705691389835805e-05
475,9.107472280459042e-05,1.7452471074753775e-05
476,6.784941193555637e-05,1.7897871387690135e-05
477,5.27464702990278e-05,1.696327582777005e-05
478,7.18950072719308e-05,1.739323880671236e-05
479,6.609651064328835e-05,1.7807780015486508e-05
480,0.0001953432731520948,1.7428337945896395e-05
481,7.030718474852475e-05,1.7604885689145444e-05
482,5.402448950305375e-05,1.6893487274654392e-05
483,3.762156612900248e-05,1.6808666569903626e-05
484,6.225675154114893e-05,1.586441860818317e-05
485,9.577500117819389e-05,1.6143984331534204e-05
486,3.966948605006123e-05,1.573456354423065e-05
487,9.710488567923461e-05,1.6488550712488004e-05
488,0.0001340197962388948,1.6987484219319824e-05
489,9.480219231305955e-05,1.741944031363735e-05
490,7.892699579375446e-05,1.582059779765425e-05
491,0.0002005045688225963,1.6012554834445662e-05
492,7.738140070356832e-05,1.6442836265355263e-05
493,0.00010820401399820142,1.7004330181446063e-05
494,2.7682498988756663e-05,1.6637414065096226e-05
495,3.0466371537208486e-05,1.6213680237639554e-05
496,0.00012168923863116379,1.6879718550629383e-05
497,4.4937654304317114e-05,1.6098756469556725e-05
498,0.00026755539937032755,1.6502596702686457e-05
499,9.143368872496351e-05,1.712139659602999e-05
500,0.000115062871830203,1.6119713309569688e-05
501,9.29222339363612e-05,1.622991633314315e-05
502,7.117547184832672e-05,1.6089060426658036e-05
503,2.9135875871168018e-05,1.541131520079046e-05
504,7.793800654190162e-05,1.5202723244077464e-05
505,7.479877079256283e-05,1.5240574533974506e-05
506,7.740940535112454e-05,1.5198430651496064e-05
507,5.1441773427977e-05,1.4882169010002691e-05
508,2.2990509705766013e-05,1.4505229617456577e-05
509,3.041543453235801e-05,1.4308454922691898e-05
510,5.680450701126423e-05,1.4441851431790777e-05
511,7.24484217884983e-05,1.4540798937507561e-05
