1,1.2609379544132686,1.1546879586493295
2,1.0278647068543956,0.9412135586431175
3,0.8348869921962594,0.7673344730649709
4,0.6587404858442639,0.6266814664061473
5,0.5602852620074799,0.5107120701783734
6,0.43804038820853364,0.4171093703295433
7,0.37350144394380524,0.33989834266815133
8,0.2876671034499332,0.27780846624335864
9,0.2357286356764129,0.22701192054567948
10,0.19941299639162496,0.1851818222844888
11,0.16119768927579747,0.1511196717335627
12,0.12435049468562234,0.12370715633949173
13,0.10880517524670483,0.10091238979648764
14,0.08691692310528688,0.08241114734904738
15,0.06693819626403807,0.06751150078492263
16,0.054484863077389395,0.05530886475317098
17,0.043612007505360414,0.04537196930018075
18,0.037291571432856434,0.03713544722695924
19,0.027925971648278817,0.030549453141536467
20,0.02498638407213152,0.025013093439518783
21,0.01846687828463752,0.0206210153207314
22,0.016981569886570444,0.016896955016822715
23,0.014482626912811549,0.01380657627667481
24,0.010557651740006847,0.011373282878290477
25,0.0076735816803921615,0.009421160713728284
26,0.0059521408173992384,0.00781692683422671
27,0.005542621236926019,0.0064492115153217296
28,0.004653566852853912,0.0053454156650046564
29,0.004565264011519533,0.004376199209095717
