1,21725.626041249736,19598.11530684862
2,17646.905855375964,15771.148982781204
3,13764.238819811824,11118.106729995383
4,7753.522278736451,4820.16694051424
5,2727.1080972599857,1452.8187591848641
6,788.2816036048371,456.60771130880926
7,293.1065545909312,212.24558393549805
8,171.30138369154758,150.11027295501924
9,138.32827884724216,131.19225029709995
10,126.41385977676505,122.5817745410416
11,119.8251758022842,117.47830784668653
12,115.41561851022098,113.56649969857524
13,112.2522779958894,110.66024281750072
14,109.21700665519832,107.8926384453758
15,106.667786330843,105.5287864695468
16,104.84557495287748,103.82254420639133
17,102.87159727298184,101.9805437485815
18,101.14128946504135,100.14763032203786
19,99.39371077818764,98.6791213930056
20,97.99939190227647,97.35102641877194
21,96.73111559721237,95.95324374722821
22,95.33106964343406,94.75906827225637
23,94.22018007800668,93.70547084386527
24,93.94139811959616,93.38274193228767
25,92.87778990250462,92.40332134540583
26,91.9475263010665,90.91835369965891
27,89.94527469476716,89.26413025584257
28,88.7181977876225,88.23180664728814
29,89.70761052995664,88.94175404543138
30,88.32736760155016,87.76550264385853
31,87.20321995277196,86.19527232157739
32,85.46742654995191,84.70020569676524
33,83.87500317864263,82.9987550453088
34,82.09826479258308,81.79831243397199
35,80.89028974748675,80.06195119982637
36,79.3087989716426,78.62485663589592
37,78.10869244512165,77.52806502278334
38,76.99033759812184,76.48415374272221
39,75.99863375982174,75.52267977500705
40,74.8355735422544,74.3297159840204
41,73.78748370525747,73.17574409019167
42,72.44762565502751,71.3860459223304
43,70.13766223509708,68.56776174378334
44,66.71585710239341,64.777005841043
45,62.801616145633695,61.01514387224641
46,59.61653691117148,58.48743604460091
47,57.55564388261644,56.84481548675635
48,55.97022698312925,55.296811379970634
49,54.7414548469851,54.25804052439868
50,55.722871643039326,54.85865479423268
51,54.22812595619638,53.71071216513095
52,53.242090303760435,52.78464104562397
53,52.16984857311661,51.66817064307138
54,51.11584635845951,50.50668185398453
55,49.8433697785651,49.26583409513675
56,48.545728400015946,47.83422765871529
57,47.15372178545498,46.519582295200145
58,45.831964890702416,45.29184860739507
59,44.816173997257295,44.39340152597987
60,44.0148145113813,43.673469211204676
61,43.567858006148676,43.24801981520584
62,42.96617533928017,42.71220135273128
63,42.479665345398914,42.36727501724813
64,41.81174719293446,41.447264416018626
65,41.18350602419748,40.97422916366288
66,41.47667400522658,41.16570911855705
67,40.93454308652048,40.747454863424835
68,40.58543539366737,40.68735369569531
69,40.49648847800831,40.33630975912672
70,40.19354431186714,40.061076894470794
71,39.95296000384127,39.83059520229811
72,39.71152715973463,39.59490594094993
73,39.48019698555564,39.36703545426229
74,39.25514843110715,39.144312738586535
75,39.034331436584594,38.925020097891114
76,38.81619811579915,38.8440675668825
77,38.47045761961721,38.222372738997386
78,38.04011113558088,37.89205175240244
79,38.53772543466391,38.253406914486746
80,38.04937046356459,37.886531592147335
81,37.74396804579242,37.575726013635226
82,37.26848800264283,37.04002303535157
83,36.848713086031466,36.67123506429389
84,36.88902418490109,36.59279205393436
85,36.33173235073356,36.07154306524879
86,35.78642649520641,35.45111639150114
87,35.08612907303214,34.36649731339806
88,33.50598125248884,32.41178736044563
89,31.0585522642181,31.31641734518242
90,29.73415163463813,28.253481663696817
91,26.8722830996277,25.609387305369843
92,24.331759287813604,23.340471773679514
93,22.470349910420595,21.710810322270106
94,21.050716081588554,20.114578015813237
95,19.367794726493038,18.884910414862432
96,18.526530941260038,18.23775965371277
97,17.993355469258084,19.065716105952532
98,18.489626714051283,18.10211349981884
99,17.820079932584452,17.599468587312533
100,17.33762780399895,17.191839442441413
101,17.056518133924445,16.804749566997344
102,16.57213632591548,16.379478369232167
103,16.120619260198218,15.867109372081021
104,15.58528127384027,15.246363484901309
105,14.812861216563482,14.513139238726431
106,13.728286646277635,12.828650038460584
107,11.847589577484516,10.894423665807437
108,12.317905388229846,10.505252260164347
109,9.660398388633432,8.985977943623176
110,8.429723881732322,10.768391558058378
111,7.081149423154063,6.45805771789348
112,6.233246960440459,6.093941313694643
113,7.305185782083316,6.391717245228698
114,6.098516665518639,5.956130380867531
115,5.854881991883067,5.767956953888985
116,5.683656920202451,5.607205343119594
117,5.533681253904979,5.461515594255155
118,5.389464007534025,5.466203840870272
119,5.218613049996396,5.092516107015331
120,4.991211426125604,4.888043805128429
121,4.986189227667323,4.579760981020495
122,4.34218354456762,4.1255227267427905
123,3.893961264586654,3.643370015503466
124,4.263752943693526,3.5692657652110054
125,3.2299428136103887,2.9520923047742422
126,2.6985715454902772,2.6853154342042496
127,1.9982030182506767,1.7771337758280703
128,1.6241004688024987,1.4976123048966912
129,2.362188309919862,1.6708098212577993
130,1.4780749446301367,1.3586843014689702
131,1.2618880465141777,1.177994397842899
132,1.1037701227994192,1.0375697119041023
133,0.978272817795409,0.9249923562887032
