1,0.7540069404332184,826.8274787584871
2,745.4170015574814,671.7128094493407
3,605.2318580222138,545.1701251357222
4,650.3950770625588,585.3456405724239
5,525.4478978120482,471.6002063566329
6,421.2223351905591,395.7735371278256
7,351.9443442233341,312.9978148648654
8,276.52041543397553,244.31447873091935
9,222.55533220474697,194.5766644106239
10,168.55595563511352,145.55088020950478
11,124.1969149861122,105.58360047031665
12,42.040799876333644,35.82349399947239
13,30.211937580237148,25.68754531173581
14,21.609911343333984,48.051502084822104
15,39.16304567997598,31.96806902324468
16,25.846258466349084,21.327367927571693
17,12.285920334981734,10.788900443019454
18,9.490411672334178,8.652503718462528
19,7.884521593729413,12.688973303049993
20,11.049899718461988,9.973514473075333
21,9.060352743342609,8.460774301682278
22,7.92357287993178,7.532535230229821
23,7.196201473193647,6.977673019594484
24,6.74346939641136,6.573003179938105
25,6.701854371706032,6.107082550886805
26,5.679996138345804,5.356920217165813
27,5.101579667810146,15.219345329463046
28,11.890161443619888,9.537389820858506
29,7.90129447478439,6.638011907461236
30,5.718366563968421,11.045282677147622
31,9.43466509623784,8.260747378373837
32,7.28453003175669,6.583964773449879
33,7.602906945571565,6.877879078823953
34,6.272480076952304,5.822849034462749
35,5.445390266674204,5.163753403362406
36,4.898824254800244,4.729997735029107
37,4.542405875778046,4.4242675430839
38,4.283286096854535,3.8943810975925697
39,3.8090300455291994,3.761448655304372
40,3.6984121678530517,3.6378468513861932
41,18.704904224346592,14.16226365935508
42,11.090407887245679,8.858921605766394
43,7.255625824023703,10.96347730413218
44,9.190382024220852,7.862793555862062
45,6.78921466247893,5.9847022833986365
46,5.32720894686882,4.565385081480141
47,4.2097311000124344,3.9856609345540575
48,3.779458287941703,3.6145852158636287
49,20.529014237690177,15.554339622855338
50,12.150669674922252,9.653162655460106
51,7.840428061503923,10.673627195464194
52,8.900595234054943,7.563803303451258
53,6.469121929531817,5.634607024556373
54,4.9698490235808315,4.225427173178917
55,3.8508160515569743,3.583501762720566
56,3.347699789897239,3.1778327857198994
57,2.6371243809116494,2.571514321474986
58,2.511122787482905,2.4686437789056903
59,2.413948873211354,2.4271313300738693
60,2.3872767960389494,2.3395755941411442
61,2.3011169970344114,3.5124610540055063
62,3.0692969719628014,2.7183616855415034
63,2.4572232780193333,2.2602586489263397
64,16.31488409322558,12.732675266569974
65,10.15764850095288,8.185220419657345
66,6.6999324077492295,5.542657319019753
67,12.350171897601381,10.26252135381467
68,8.540269006086145,7.174444305459312
69,6.051899925181398,5.19399601002641
70,4.473261022109285,3.951308747315654
71,3.5135787711096853,3.1744018057564682
72,2.5706522869073956,2.4271974320855874
73,2.2944285998599767,2.1915463155863684
74,2.0939315860507834,2.0316444699269782
75,21.910236516378294,16.80796561968608
76,13.196351810428055,10.509499610328742
77,8.50214163509991,6.398979655338233
78,5.380569810653396,4.574355992196575
79,3.91174773919845,3.4091430601755084
80,4.876878423586962,4.203624533535732
81,3.6405784560460024,3.2232995929865433
82,2.864297830510491,2.6084203492014115
83,1.6584684602908617,1.6059459797846445
84,1.5723576214037354,1.5254505432014458
85,1.4974444862214362,18.68545538696402
86,14.53996955867309,11.51690922856611
87,9.258364541369357,7.511299396947806
88,5.807689630051559,4.880829529001426
89,4.13148318460249,3.532334665436201
90,3.0425692293402045,3.8703324542261974
91,3.3294220474327147,2.922252572764496
92,2.5844862207011463,2.3224972152305874
93,2.109916017629584,1.373793440608822
94,1.3272377023471744,1.2968166506259418
95,1.2618687851146138,1.2393285910571756
96,1.1366001866259237,1.1221100768652414
97,1.1093209094202843,1.0958277552571927
98,1.0842909941199748,2.3087224210811153
99,1.9850113969339933,1.7335073387346482
100,1.5402541726429573,1.3810682103742922
101,1.2578287328251472,2.8317326130330764
102,2.148461235677665,1.7425771674681083
103,1.489607311340966,1.3232243994738089
104,0.974948013563532,0.9504630560828659
105,0.9314772040556623,0.9119611680428239
106,0.8893505339906431,0.8757479568249682
107,0.8341661210146852,0.7991062642696813
108,0.7770516505792622,0.7583429199075815
109,19.56875481517423,11.96702054462906
110,7.780180073220125,5.236789831487261
111,3.6386989323822823,2.570338412354356
112,14.590888575008641,9.94165026936886
113,6.768974184014706,4.649177671344445
114,3.253187224386509,2.0920360642978237
115,1.5991139898693385,1.2862752958922334
116,1.076123034454529,0.9426160055952448
117,0.8464041597367903,0.7844359295520036
118,0.7398258586712596,0.7029979912582438
119,0.6740606168677025,0.6243305713061602
120,0.5957275582757762,0.5681912890124274
121,0.5496984191181171,0.5390336591581442
122,0.5279186939762999,0.545707305338105
123,0.533347529272925,0.5244508029905051
124,0.5144868904806632,0.5067150686131974
125,0.4871510696374769,0.4825507406916566
126,0.47422201917036166,0.46754742602301436
127,0.459160894309753,0.4599246838608867
128,0.4557484715905928,0.44527723916503614
129,0.4361408955730746,0.43152228472881193
130,0.42531220544312665,0.42017575597346535
131,0.4080593991221785,0.3995276796807891
132,0.3914024828514978,0.3842172422815462
133,0.653607590365182,0.5667538226470648
134,0.5120299583244218,0.4771603467999551
135,0.45419006229504033,0.5951147287529519
136,0.47807914856135897,0.4116219858879137
137,0.3695586291724223,0.3429275234861435
138,0.32745951891375785,19.22050576845999
139,12.18016980195064,8.090485474458871
140,6.035416360308215,4.068473301321488
141,2.755084970487163,1.892763046286304
142,1.3311969765002476,0.4370895023636607
143,0.37656006307124334,0.3368000811826173
144,0.3090759362360015,0.2902596479110444
145,1.001102263416835,0.7611951885932243
146,0.6055127609053794,0.5043287293806973
147,0.43688529567052936,0.5602416065656619
148,0.4242988662090303,0.34680420891686015
149,0.2934688470953194,0.26507330415835817
150,0.6974043068651862,0.5441752283031613
151,0.4457290996157048,0.38460210314403376
152,0.34354843156183434,0.3171406703073774
153,0.447633422269304,0.34669368927059346
154,0.28768046364469163,0.24878996551849644
155,0.22562899890667754,0.24490473498619264
156,0.21870152549874716,0.20278189075743402
157,0.19030119915941235,0.18307747405511443
158,0.17617100619427128,0.17221338841503045
159,0.1678958032958014,0.1650867129417021
160,0.161184273786509,0.39031810681525836
161,0.3151824655320701,0.26965667482956845
162,0.23970052886249274,0.22042697442756523
163,0.20746618345784465,0.3327330554931226
164,0.2538188852164971,0.20910397131369518
165,0.17780753994907633,0.1621506911249559
166,0.142951151518455,0.13884058767303759
167,0.13499971877042877,0.1341348363123575
168,0.13056542990630032,0.13408261480861822
169,0.1272698706769926,0.12491857732984406
170,0.12136053504085532,0.11956799114415059
171,0.11627120060994643,0.19331969361977186
172,0.16882749454437163,0.15449222173171112
173,0.14376548644168718,0.13747372239926875
174,0.13192269926686093,0.1289339603124551
175,0.12486209911332212,0.12362597782283484
176,0.12145331717091423,18.819472636917244
177,12.215786255563652,8.269520897930082
178,5.744963672626068,4.045308789884517
179,3.7053972797345502,2.6750118399601037
180,1.9464939602459899,1.425302919752197
181,1.0499626059864857,0.7783961144002316
182,14.131809583206806,10.05458146307731
183,7.105199298238721,4.991828582452932
184,3.4941310634441294,3.4552796040280116
185,2.402440874318824,1.687873915046655
186,1.1966765200162022,0.8562562382356201
187,0.8348681336901931,0.6096158086063478
188,0.4567543562496621,0.3525984705395691
189,0.28046378022607354,0.1402263652067843
190,0.127974140244616,0.12027158614792384
191,0.1133315362603588,0.10868443078931009
192,0.10529953148959695,0.1609852889158959
193,0.14167502831398548,0.1298541367822239
194,0.12037563691451385,0.1142795628599606
195,0.10075935774001366,0.09705657781824162
196,0.09255878830980588,0.09031907343473383
197,0.08827798222169847,0.10604050853484619
198,0.10024216005532327,0.09660876744200542
199,0.09367296060508129,0.09132258074965921
200,0.08929058207445656,0.681149790667819
201,0.44900398737983727,0.3768214049405343
202,0.3142609830698151,0.2679979106895092
203,0.10157537584864376,0.09366641618138088
204,0.0853361558888704,0.08144245798928312
205,0.07718468362190131,17.126478411055885
206,14.084660375369655,11.67452221785264
207,9.740949837053602,8.166999792295794
208,3.642124107565875,3.0346062323063148
209,2.5286924484360207,2.100240151373661
210,1.749123468207265,1.454941140394344
211,0.5096344076495665,0.4285226448086209
212,0.36045374909057937,0.30887654897179084
213,0.2617093793044505,1.7644042578441994
214,1.469682387128623,1.2289608474741187
215,1.0282959787113986,0.8652472969393926
216,0.24178314885228616,0.2115183905489218
217,0.1873758447319906,0.16831673721846124
218,0.15159646637688895,0.138699771798171
219,0.07634837768012051,0.07270827576230367
220,0.06922275160178444,0.06683556469162724
221,0.06353604477933936,17.853719745363247
222,14.61565106172274,12.098931550878543
223,10.069818578365863,8.426632331289422
224,4.235626109151188,3.5226209293123985
225,2.9357812192244173,2.4402293672217388
226,2.040071118106674,1.6904097399957607
227,1.3916225372496378,1.1631169711719038
228,0.975916572563971,0.8186227807211995
229,0.6909344337921812,0.3778197725152807
230,0.3231118222365086,0.281230717916864
231,0.2441467132445309,0.21489996172769807
232,0.8056641489853585,0.6789182555272827
233,0.5750958629260332,0.4926122430205326
234,0.4255574402443471,0.3654509837358754
235,0.13005040027624407,0.11465812430676513
236,0.10476447871314692,0.09209468929003028
237,0.08449339666936363,0.23544870760106795
238,0.20681884524426003,0.1828858864352218
239,0.16408268743579146,0.14775614085390842
240,0.08771218165001846,0.08287790703306311
241,0.07760312993053446,0.073495879580211
242,0.07027067760049327,0.06722829313012221
243,19.33920591681758,15.805356277308274
244,13.02335465962993,10.80218172270219
245,9.002350416486756,1.513351982778893
246,1.2601691676441704,1.0444113498170302
247,0.8688789847451264,0.7232862279398187
248,0.19221678998845887,0.16212526702481453
249,0.1380339376037775,0.11824455027723357
250,0.10185485227770286,0.9808566509615447
251,0.8207448469651311,0.6841280438611895
252,0.5731537681855221,0.4826586283103149
253,0.40951919249514485,0.7015795273295846
254,0.5890129259212779,0.49514473971274675
255,0.42127718236010436,0.35579358891876883
256,20.18003228018533,16.518904767746164
257,13.625924028624508,11.380496159367267
258,9.479549230420915,3.133844281889475
259,2.6166168811878467,2.1766286426838493
260,1.827719011162038,1.5100814852876239
261,1.891294139110635,1.5825775482459434
262,1.3298776597816242,1.1061084085116786
263,0.929031660390774,0.7786654251407643
264,0.3556294341385102,0.3013707219990146
265,0.2568929687119885,0.2216790480486385
266,0.1913869982612943,15.691751893936008
267,12.886862288535621,10.663036505002106
268,8.788212181961665,7.415260425662295
269,1.358881311418704,1.0883983748806265
270,0.9076895212011411,0.7498945490104358
271,0.6196151722751557,8.45744831535244
272,7.0463627537506985,5.923426413101521
273,4.9628847167981345,4.220540345005113
274,3.5892710720008,9.168923108161003
275,7.699082724722883,6.38338947831183
276,5.310939450400169,4.462483590466038
277,2.1789174499054833,1.803491746226003
278,1.513580347681691,1.27121708783656
279,1.0698861322857773,1.275397829748593
280,1.0776191357048017,0.9025883945348208
281,0.7634217543435793,0.6447727509861241
282,14.269308485234493,11.650740702302624
283,9.670180472566567,7.978880026180352
284,6.710314583728152,5.578455263104294
285,4.765908482599123,3.8907306109592783
286,3.234439935839303,2.689948223675459
287,2.2564181029252888,2.42200654927073
288,2.05496236011608,1.6859616111273086
289,1.4181346210483068,1.1839164093986416
290,1.6669786950959333,1.3930694743513143
291,1.1741940116170329,0.9871957591852467
292,0.8366857291884322,0.7060418323228244
293,0.13991369881101245,0.12559814558279303
294,0.11300814245942054,0.1026554234426019
295,0.09342871159403632,0.11896070794470184
296,0.10555676378356305,0.09701645339380871
297,0.087818594595298,0.08108719880848057
298,0.05492542408565812,0.050808950158650674
299,0.046018175744306423,0.04369599332405383
300,0.04036588689441439,0.1494511486625158
301,0.13064033847597112,0.11956761954833851
302,0.11220511174896017,0.10191980053860794
303,0.0950809900520736,12.243394231824771
304,10.797507937782106,9.583928323180281
305,8.505459459780802,7.567399090805145
306,0.41209097348748136,0.3573374476786313
307,0.32373002841324056,0.28202764788831847
308,0.25356071182736206,1.1138099484627384
309,0.9908205019559897,0.8765617320508745
310,0.7941071380262938,0.6921844217614452
311,0.6133524667880995,0.7942999998925425
312,0.7167638014618563,0.6324092529161645
313,0.5650005970215397,0.5074362986498038
314,17.11857617540135,14.977404921548102
315,13.045380718349744,11.475383778789162
316,10.039583357921106,1.5911599196042772
317,1.4205824065648436,1.181986482460086
318,1.0143366893094141,0.8948437936215036
319,1.2298731180583982,1.0367192523271815
320,0.9247731144626391,0.8028985220721077
321,0.7351074878016199,0.6250524937804229
322,0.6203834478940161,0.5569144652543853
323,0.48916959854172193,0.44257066539695655
324,0.41303212981954207,0.27731782337339517
325,0.2527760359601418,0.22342158210423885
326,0.19803852658160026,0.18264529725998088
327,0.13047996249283633,0.11983302412352377
328,0.10716275118009984,0.09490359759661192
329,0.08808249940505816,0.1409121688115516
330,0.11182147315044874,0.11076089668067952
331,0.09254921122950377,0.08790654079913021
332,0.07717412323317557,0.1282583578292515
333,0.11090266900419908,0.1044979133384881
334,0.09558266707937224,0.0861063202449289
335,17.213905881394382,15.145911289032892
336,13.192126176361576,11.693053263165329
337,10.308216821890163,2.779281245898983
338,2.445970035291302,2.086100344129039
339,1.8511137436866276,1.57580928856096
340,0.22344754980894332,0.18749235495888417
341,0.17938783831840754,0.1451911202605024
342,0.126932475649675,11.70957705387208
343,10.113866804837173,9.069638705922667
344,8.01388854107369,7.168464656868256
345,6.378354397765158,3.301418055083288
346,2.98741282784332,2.528143311229936
347,2.194086171080725,1.9196819432130003
348,1.5685589708204795,1.3891188506679835
349,1.2522540773144235,1.06768404038251
350,0.9584282535596376,10.0040228241797
351,8.774801011116358,7.735819759254923
352,6.803586154327026,6.096113956124965
353,6.7439127267746475,5.9147629836127384
354,5.1883197162547585,4.556148969264129
355,4.091395186122675,3.5225000165195084
356,1.409100380550588,1.2403230091187645
357,1.0898404067959218,0.9800402202194866
358,0.8996668760019798,0.3980385238301879
359,0.36679646878756234,0.3196662765261813
360,0.2905821240655524,0.25896694796443176
361,0.8394683774207965,0.7511640413185424
362,0.6693638300442519,0.601857599484487
363,0.5464451233807538,0.8405555597657195
364,0.754569954780725,0.6683809771023982
365,0.5984731699227627,0.5350341469444049
366,0.47871108135940144,0.574546127381363
367,0.5168330214145098,0.4660291357939875
368,0.4246719548897465,0.3801564680951396
369,0.06013011709327679,0.05734607464570985
370,0.054722822852338884,0.053031551974832794
371,0.05072059296884554,0.4857861261371611
372,0.44254049868691714,0.3883144625132995
373,0.35141258137396053,0.313927138726078
374,0.10602195969668904,0.09977817920959578
375,0.09420145494775208,0.0889642355693216
376,0.08407654608028756,0.08012001325720029
377,0.09069355046025873,0.08589961269745085
378,0.0813947867198964,0.07758974275924249
379,0.07391252295359815,0.038835411155196176
380,0.03827738286318848,0.03814245559536088
381,0.03647466400414264,0.0376043437322044
382,0.09911911558313866,0.09276880668889251
383,0.08720208463436449,0.08249176218316404
384,0.07869542626235038,0.07425620976209887
385,0.04723392309647986,0.04599276008986242
386,0.04388750373290892,0.04252828344738917
387,0.040802775065025575,0.04672224489344882
388,0.04320886441239806,0.042707306112721444
389,0.04013461810837214,0.03968394955330652
390,21.349279966852997,18.465827933128686
391,16.008624875524315,13.960262436281289
392,11.999345945511688,0.3787470634331125
393,0.3749781760374361,0.304360319489583
394,0.27215952624842976,0.2485221928449887
395,0.23298391003663052,2.0524523791628537
396,1.7659388304077703,1.54112342952459
397,1.368012521834992,1.1653792087316825
398,14.502024107631565,12.540276508277536
399,11.123539170165905,9.663536337213714
400,8.579419253242161,4.492659710551759
401,3.9872398236389595,3.488370024240372
402,3.27429180598012,2.803372454221171
403,10.087169772761543,9.252733083072464
404,8.40551814047442,7.717201065031778
405,7.030375805032884,6.538860708803792
406,3.7506533116465404,3.2556434207779334
