1,0.9761726459173661,0.8441434752337676
2,0.785421284321804,0.6864653093499218
3,0.6413368388463891,0.5581217172766455
4,0.537397667814238,0.4530681506106037
5,0.4243845535707461,0.36831234523329903
6,0.3634696592501095,0.2986120406827265
7,0.2945986756234552,0.2421070543591801
8,0.24470754155519248,0.19605357663301196
9,0.19214573375021435,0.1590116693181564
10,0.16619761844031714,0.12855315061141764
11,0.1302356740017061,0.10409084141328631
12,0.11216495798946413,0.08402340580519696
13,0.09327023993725292,0.06773302854052982
14,0.0740515036968726,0.05463963959430122
15,0.06171936109778334,0.04401034626664064
16,0.05045144258994985,0.03542371234083229
17,0.039048754872342814,0.028566718379511268
18,0.03266900602692992,0.022999626451042685
19,0.027454289284589282,0.018476928580818147
20,0.021639992097578088,0.014861237107333673
21,0.02087616046028467,0.011850608527572262
22,0.013602279376092796,0.009539550140307902
23,0.013990541627528334,0.007597389698333156
24,0.010625863647047252,0.006065129875950731
25,0.009991697498012025,0.004806118250953787
